>GAWGRGGAAGYM	5-GAWGRGGAAGYM	9.649914	-8439.909573	0	T:6682.0(7.73%),B:778.5(0.94%),P:1e-3665
0.273	0.122	0.503	0.102
0.663	0.218	0.118	0.001
0.405	0.034	0.024	0.537
0.002	0.137	0.705	0.156
0.386	0.039	0.345	0.230
0.005	0.039	0.922	0.034
0.075	0.020	0.840	0.065
0.794	0.172	0.001	0.033
0.886	0.027	0.056	0.031
0.001	0.001	0.932	0.066
0.011	0.327	0.217	0.445
0.461	0.386	0.152	0.001
