>KGTGTTGCAACA	22-KGTGTTGCAACA,BestGuess:CEBP:AP1(bZIP)/ThioMac-CEBPb-ChIP-Seq(GSE21512)/Homer(0.812)	7.440870	-401.206250	0	T:3897.0(4.51%),B:2318.4(2.79%),P:1e-174
0.262	0.015	0.298	0.424
0.152	0.223	0.532	0.093
0.071	0.001	0.062	0.866
0.130	0.045	0.818	0.007
0.167	0.037	0.044	0.752
0.026	0.017	0.151	0.806
0.061	0.001	0.693	0.245
0.256	0.616	0.045	0.083
0.776	0.164	0.007	0.053
0.678	0.017	0.056	0.249
0.009	0.795	0.031	0.165
0.858	0.040	0.019	0.083
