>WNDVTGAGTCAY	11-WNDVTGAGTCAY	6.982788	-2427.811036	0	T:7721.0(8.93%),B:3062.3(3.69%),P:1e-1054
0.379	0.171	0.212	0.238
0.206	0.260	0.322	0.212
0.245	0.149	0.231	0.375
0.383	0.266	0.272	0.079
0.035	0.002	0.015	0.948
0.009	0.014	0.926	0.051
0.936	0.002	0.016	0.046
0.043	0.366	0.564	0.027
0.019	0.020	0.014	0.947
0.031	0.952	0.011	0.006
0.972	0.016	0.001	0.011
0.060	0.288	0.236	0.415
