>CACTAGGGGGCG	12-CACTAGGGGGCG	8.270244	-2368.450605	0	T:4312.0(4.99%),B:1189.0(1.43%),P:1e-1028
0.044	0.869	0.058	0.029
0.734	0.072	0.106	0.088
0.050	0.697	0.207	0.046
0.154	0.185	0.079	0.582
0.748	0.072	0.116	0.064
0.039	0.023	0.895	0.043
0.157	0.033	0.767	0.043
0.100	0.043	0.694	0.163
0.067	0.040	0.846	0.047
0.060	0.068	0.819	0.053
0.171	0.625	0.081	0.123
0.164	0.055	0.722	0.059
