>TGATGATGCAAT	21-TGATGATGCAAT	7.785142	-435.451147	0	T:2787.0(3.22%),B:1461.5(1.76%),P:1e-189
0.139	0.026	0.118	0.717
0.022	0.109	0.838	0.031
0.762	0.111	0.056	0.071
0.068	0.009	0.015	0.908
0.017	0.018	0.956	0.009
0.811	0.068	0.040	0.081
0.097	0.043	0.088	0.772
0.029	0.011	0.914	0.046
0.194	0.700	0.030	0.076
0.904	0.055	0.023	0.018
0.910	0.008	0.040	0.042
0.071	0.053	0.067	0.809
