>ACATCCTCTTTT	14-ACATCCTCTTTT	10.126207	-1559.679719	0	T:1148.0(1.33%),B:117.8(0.14%),P:1e-677
0.824	0.097	0.022	0.057
0.145	0.573	0.187	0.095
0.689	0.039	0.153	0.119
0.070	0.014	0.019	0.897
0.009	0.769	0.025	0.197
0.036	0.844	0.029	0.091
0.099	0.198	0.035	0.668
0.062	0.616	0.162	0.160
0.247	0.211	0.012	0.530
0.095	0.148	0.038	0.719
0.071	0.116	0.044	0.769
0.049	0.248	0.179	0.524
