>GTTTCACTTCYN	8-GTTTCACTTCYN	8.318448	-4215.187634	0	T:3294.0(3.81%),B:370.9(0.45%),P:1e-1830
0.134	0.259	0.462	0.145
0.101	0.171	0.118	0.610
0.066	0.168	0.178	0.588
0.075	0.137	0.136	0.652
0.071	0.683	0.127	0.119
0.705	0.131	0.040	0.124
0.126	0.459	0.229	0.186
0.217	0.048	0.022	0.713
0.096	0.046	0.112	0.746
0.054	0.625	0.092	0.229
0.172	0.455	0.020	0.354
0.212	0.277	0.275	0.236
