>GGGAATTGTAGT	24-GGGAATTGTAGT,BestGuess:GFY(?)/Promoter/Homer(0.995)	9.885389	-356.067437	0	T:1032.0(1.19%),B:382.7(0.46%),P:1e-154
0.062	0.014	0.905	0.019
0.023	0.006	0.959	0.012
0.084	0.016	0.883	0.017
0.856	0.043	0.055	0.046
0.611	0.135	0.154	0.100
0.183	0.110	0.083	0.624
0.024	0.040	0.068	0.868
0.023	0.017	0.928	0.032
0.024	0.109	0.071	0.796
0.820	0.015	0.144	0.021
0.037	0.048	0.873	0.042
0.050	0.021	0.051	0.878
