>ACSGGSTTCYTT	19-AARGAASCCSGT	11.504231	-549.907717	0	T:240.0(0.27%),B:9.6(0.01%),P:1e-238
0.858	0.047	0.073	0.022
0.026	0.539	0.386	0.049
0.015	0.515	0.442	0.028
0.036	0.044	0.891	0.029
0.022	0.018	0.804	0.156
0.044	0.480	0.436	0.040
0.051	0.079	0.193	0.677
0.047	0.037	0.033	0.883
0.145	0.537	0.163	0.155
0.018	0.465	0.044	0.473
0.043	0.018	0.283	0.656
0.037	0.079	0.040	0.844
