>AARGAASCCSGT	19-AARGAASCCSGT,BestGuess:ETS:E-box(ETS,bHLH)/HPC7-Scl-ChIP-Seq(GSE22178)/Homer(0.569)	11.504231	-549.907717	0	T:240.0(0.27%),B:9.6(0.01%),P:1e-238
0.844	0.040	0.079	0.037
0.656	0.283	0.018	0.043
0.473	0.044	0.465	0.018
0.155	0.163	0.537	0.145
0.883	0.033	0.037	0.047
0.677	0.193	0.079	0.051
0.040	0.436	0.480	0.044
0.156	0.804	0.018	0.022
0.029	0.891	0.044	0.036
0.028	0.442	0.515	0.015
0.049	0.386	0.539	0.026
0.022	0.073	0.047	0.858
