>AGGGTTMGSGTT	24-AACSCKAACCCT	8.699866	-208.099736	0	T:87.0(0.10%),B:3.3(0.00%),P:1e-90
0.588	0.146	0.046	0.220
0.187	0.030	0.731	0.052
0.141	0.298	0.542	0.019
0.203	0.147	0.421	0.229
0.148	0.185	0.048	0.619
0.389	0.031	0.031	0.549
0.365	0.499	0.069	0.067
0.057	0.193	0.657	0.093
0.023	0.438	0.516	0.023
0.159	0.198	0.418	0.226
0.181	0.028	0.076	0.715
0.174	0.146	0.152	0.528
