>CGCSRTATTCCA	10-CGCSRTATTCCA,BestGuess:TEAD(TEA)/Fibroblast-PU.1-ChIP-Seq(Unpublished)/Homer(0.657)	11.547329	-845.987421	0	T:327.0(0.37%),B:9.8(0.01%),P:1e-367
0.001	0.724	0.081	0.194
0.001	0.082	0.901	0.016
0.001	0.770	0.001	0.228
0.001	0.439	0.314	0.246
0.553	0.001	0.445	0.001
0.033	0.082	0.016	0.869
0.868	0.115	0.001	0.016
0.001	0.144	0.001	0.854
0.001	0.001	0.015	0.983
0.001	0.803	0.180	0.016
0.001	0.702	0.248	0.049
0.884	0.114	0.001	0.001
