>AACSCKAACCCT	24-AACSCKAACCCT,BestGuess:PB0035.1_Irf5_1/Jaspar(0.574)	8.699866	-208.099736	0	T:87.0(0.10%),B:3.3(0.00%),P:1e-90
0.528	0.152	0.146	0.174
0.715	0.076	0.028	0.181
0.226	0.418	0.198	0.159
0.023	0.516	0.438	0.023
0.093	0.657	0.193	0.057
0.067	0.069	0.499	0.365
0.549	0.031	0.031	0.389
0.619	0.048	0.185	0.148
0.229	0.421	0.147	0.203
0.019	0.542	0.298	0.141
0.052	0.731	0.030	0.187
0.220	0.046	0.146	0.588
