>GAGGAAGT	1-GAGGAAGT	6.985101	-2040.999926	0	T:2744.0(46.99%),B:5471.7(12.75%),P:1e-886	Tpos:102.5,Tstd:33.8,Bpos:98.8,Bstd:66.1,StrandBias:0.0,Multiplicity:1.23
0.114	0.133	0.728	0.025
0.876	0.001	0.113	0.010
0.001	0.001	0.997	0.001
0.001	0.001	0.997	0.001
0.997	0.001	0.001	0.001
0.997	0.001	0.001	0.001
0.016	0.076	0.907	0.001
0.114	0.045	0.001	0.840
>ACTTCCCT	2-ACTTCCCT	4.307795	-1850.031569	0	T:3193.0(54.67%),B:8129.8(18.95%),P:1e-803	Tpos:102.6,Tstd:40.4,Bpos:100.0,Bstd:62.9,StrandBias:-0.1,Multiplicity:1.13
0.997	0.001	0.001	0.001
0.001	0.543	0.274	0.182
0.001	0.001	0.001	0.997
0.001	0.001	0.001	0.997
0.001	0.997	0.001	0.001
0.001	0.997	0.001	0.001
0.001	0.696	0.056	0.247
0.001	0.228	0.017	0.754
>CGCTTCCT	3-CGCTTCCT	5.457037	-1036.793610	0	T:3613.0(61.87%),B:14065.7(32.78%),P:1e-450	Tpos:101.9,Tstd:49.1,Bpos:100.7,Bstd:63.8,StrandBias:0.0,Multiplicity:1.26
0.057	0.783	0.067	0.093
0.238	0.043	0.613	0.106
0.025	0.705	0.184	0.086
0.080	0.153	0.033	0.734
0.061	0.085	0.075	0.779
0.072	0.859	0.045	0.024
0.047	0.890	0.029	0.034
0.116	0.196	0.047	0.641
>AAGAGGAA	4-AAGAGGAA	7.801414	-710.888321	0	T:1384.0(23.70%),B:3307.7(7.71%),P:1e-308	Tpos:101.9,Tstd:42.5,Bpos:99.1,Bstd:64.3,StrandBias:-0.3,Multiplicity:1.12
0.997	0.001	0.001	0.001
0.928	0.001	0.001	0.070
0.001	0.327	0.671	0.001
0.806	0.001	0.192	0.001
0.001	0.001	0.997	0.001
0.001	0.001	0.997	0.001
0.997	0.001	0.001	0.001
0.997	0.001	0.001	0.001
>ATGAGTCA	5-ATGAGTCA	7.961702	-116.640354	0	T:436.0(7.47%),B:1443.3(3.36%),P:1e-50	Tpos:103.2,Tstd:51.7,Bpos:100.4,Bstd:59.3,StrandBias:0.1,Multiplicity:1.04
0.662	0.163	0.105	0.070
0.001	0.001	0.001	0.997
0.001	0.001	0.984	0.014
0.972	0.001	0.013	0.014
0.034	0.233	0.704	0.029
0.001	0.001	0.028	0.970
0.013	0.976	0.010	0.001
0.984	0.001	0.014	0.001
>TTCCCTTT	6-TTCCCTTT	7.846807	-85.238536	0	T:721.0(12.35%),B:3240.0(7.55%),P:1e-37	Tpos:101.1,Tstd:53.3,Bpos:98.6,Bstd:67.3,StrandBias:0.1,Multiplicity:1.11
0.001	0.001	0.001	0.997
0.001	0.001	0.210	0.788
0.001	0.997	0.001	0.001
0.121	0.815	0.063	0.001
0.001	0.798	0.001	0.200
0.001	0.001	0.001	0.997
0.001	0.001	0.001	0.997
0.001	0.001	0.001	0.997
>TTGCRTAA	7-TTGCRTAA	6.238601	-72.024609	0	T:804.0(13.77%),B:3887.5(9.06%),P:1e-31	Tpos:99.8,Tstd:52.1,Bpos:99.3,Bstd:60.1,StrandBias:-0.1,Multiplicity:1.09
0.011	0.001	0.045	0.943
0.001	0.001	0.001	0.997
0.125	0.001	0.796	0.078
0.001	0.880	0.001	0.118
0.502	0.046	0.450	0.002
0.203	0.140	0.150	0.507
0.638	0.360	0.001	0.001
0.920	0.001	0.078	0.001
>CGCCCYCT	8-CGCCCYCT	7.471940	-63.419108	0	T:654.0(11.20%),B:3092.4(7.21%),P:1e-27	Tpos:104.8,Tstd:50.8,Bpos:98.2,Bstd:58.0,StrandBias:0.1,Multiplicity:1.05
0.001	0.677	0.001	0.321
0.001	0.001	0.997	0.001
0.001	0.997	0.001	0.001
0.001	0.997	0.001	0.001
0.210	0.788	0.001	0.001
0.001	0.464	0.001	0.534
0.130	0.868	0.001	0.001
0.001	0.001	0.001	0.997
>GRGGACGG	9-GRGGACGG	7.356695	-60.579118	0	T:738.0(12.64%),B:3636.4(8.47%),P:1e-26	Tpos:101.5,Tstd:51.9,Bpos:101.2,Bstd:65.2,StrandBias:-0.1,Multiplicity:1.11
0.072	0.203	0.690	0.035
0.434	0.248	0.317	0.001
0.001	0.001	0.903	0.095
0.252	0.001	0.711	0.036
0.997	0.001	0.001	0.001
0.303	0.695	0.001	0.001
0.001	0.001	0.826	0.172
0.018	0.020	0.872	0.090
>TTCCGCTT	10-TTCCGCTT	7.829507	-56.090931	0	T:330.0(5.65%),B:1314.6(3.06%),P:1e-24	Tpos:102.9,Tstd:49.1,Bpos:99.8,Bstd:62.1,StrandBias:-0.2,Multiplicity:1.02
0.001	0.001	0.001	0.997
0.001	0.339	0.001	0.659
0.001	0.650	0.001	0.348
0.001	0.885	0.001	0.113
0.001	0.001	0.997	0.001
0.001	0.997	0.001	0.001
0.196	0.001	0.001	0.802
0.001	0.001	0.001	0.997
>CACTTCTC	11-CACTTCTC	8.291861	-49.491413	0	T:537.0(9.20%),B:2567.3(5.98%),P:1e-21	Tpos:99.8,Tstd:44.7,Bpos:98.6,Bstd:60.3,StrandBias:-0.1,Multiplicity:1.06
0.111	0.802	0.086	0.001
0.997	0.001	0.001	0.001
0.001	0.833	0.165	0.001
0.001	0.001	0.001	0.997
0.001	0.001	0.001	0.997
0.001	0.997	0.001	0.001
0.001	0.001	0.001	0.997
0.001	0.863	0.135	0.001
>GGTTCCTC	12-GGTTCCTC	8.183208	-43.719603	0	T:244.0(4.18%),B:955.7(2.23%),P:1e-18	Tpos:103.8,Tstd:50.1,Bpos:100.1,Bstd:57.9,StrandBias:0.0,Multiplicity:1.02
0.001	0.084	0.914	0.001
0.001	0.001	0.997	0.001
0.001	0.001	0.001	0.997
0.001	0.001	0.001	0.997
0.001	0.997	0.001	0.001
0.097	0.871	0.031	0.001
0.001	0.240	0.001	0.758
0.001	0.997	0.001	0.001
>ATCACRTG	13-ATCACRTG	7.500377	-36.663333	0	T:359.0(6.15%),B:1672.4(3.90%),P:1e-15	Tpos:102.4,Tstd:55.1,Bpos:96.7,Bstd:56.5,StrandBias:0.2,Multiplicity:1.06
0.875	0.001	0.123	0.001
0.001	0.001	0.001	0.997
0.001	0.997	0.001	0.001
0.997	0.001	0.001	0.001
0.001	0.646	0.001	0.352
0.564	0.001	0.434	0.001
0.188	0.001	0.001	0.810
0.001	0.001	0.997	0.001
>GAAACCAC	14-GAAACCAC	6.962249	-36.171356	0	T:439.0(7.52%),B:2155.8(5.02%),P:1e-15	Tpos:104.5,Tstd:55.2,Bpos:99.1,Bstd:58.5,StrandBias:0.2,Multiplicity:1.03
0.274	0.106	0.619	0.001
0.680	0.004	0.074	0.242
0.891	0.107	0.001	0.001
0.894	0.104	0.001	0.001
0.001	0.732	0.111	0.156
0.001	0.623	0.204	0.172
0.680	0.001	0.146	0.173
0.001	0.905	0.001	0.093
>TGCGCAAT	15-TGCGCAAT	5.674372	-30.258171	0	T:703.0(12.04%),B:3915.2(9.12%),P:1e-13	Tpos:98.8,Tstd:57.3,Bpos:100.2,Bstd:58.6,StrandBias:0.1,Multiplicity:1.06
0.030	0.001	0.001	0.968
0.001	0.039	0.952	0.008
0.189	0.672	0.138	0.001
0.001	0.110	0.717	0.172
0.001	0.929	0.013	0.057
0.982	0.001	0.001	0.016
0.961	0.001	0.001	0.037
0.012	0.054	0.118	0.816
>AGTTCTGY	16-AGTTCTGY	7.596382	-29.943834	0	T:427.0(7.31%),B:2173.7(5.07%),P:1e-13	Tpos:103.0,Tstd:53.8,Bpos:99.9,Bstd:61.8,StrandBias:-0.0,Multiplicity:1.02
0.997	0.001	0.001	0.001
0.001	0.001	0.997	0.001
0.001	0.001	0.001	0.997
0.001	0.001	0.001	0.997
0.357	0.641	0.001	0.001
0.001	0.001	0.001	0.997
0.001	0.097	0.901	0.001
0.001	0.502	0.001	0.496
>AATCAGCA	17-AATCAGCA	6.712583	-28.942437	0	T:877.0(15.02%),B:5085.0(11.85%),P:1e-12	Tpos:99.9,Tstd:56.7,Bpos:99.5,Bstd:57.1,StrandBias:0.2,Multiplicity:1.06
0.788	0.051	0.114	0.047
0.875	0.080	0.044	0.001
0.089	0.001	0.001	0.909
0.089	0.812	0.040	0.059
0.962	0.001	0.001	0.036
0.040	0.049	0.910	0.001
0.036	0.801	0.137	0.026
0.940	0.058	0.001	0.001
>TGTGGTCA	18-TGTGGTCA	8.937452	-28.003745	0	T:247.0(4.23%),B:1122.5(2.62%),P:1e-12	Tpos:105.9,Tstd:57.5,Bpos:99.3,Bstd:57.3,StrandBias:-0.1,Multiplicity:1.03
0.001	0.061	0.001	0.937
0.001	0.001	0.802	0.196
0.001	0.001	0.001	0.997
0.001	0.001	0.997	0.001
0.001	0.001	0.997	0.001
0.001	0.001	0.001	0.997
0.001	0.997	0.001	0.001
0.642	0.001	0.157	0.200
>TTACAAAA	19-TTACAAAA	6.302803	-24.231692	0	T:435.0(7.45%),B:2318.4(5.40%),P:1e-10	Tpos:103.7,Tstd:57.8,Bpos:101.2,Bstd:59.0,StrandBias:0.3,Multiplicity:1.03
0.001	0.001	0.001	0.997
0.005	0.017	0.001	0.977
0.997	0.001	0.001	0.001
0.007	0.991	0.001	0.001
0.855	0.143	0.001	0.001
0.990	0.001	0.001	0.008
0.783	0.193	0.023	0.001
0.630	0.008	0.053	0.309
>CGAGCGGG	20-CGAGCGGG	5.887840	-18.716412	0	T:196.0(3.36%),B:937.1(2.18%),P:1e-8	Tpos:101.3,Tstd:57.5,Bpos:95.5,Bstd:61.5,StrandBias:-0.3,Multiplicity:1.12
0.001	0.823	0.001	0.175
0.024	0.001	0.840	0.135
0.960	0.001	0.038	0.001
0.001	0.001	0.997	0.001
0.001	0.997	0.001	0.001
0.001	0.001	0.997	0.001
0.001	0.001	0.997	0.001
0.001	0.001	0.997	0.001
>TTTCGATT	21-TTTCGATT	8.893639	-17.616229	0	T:53.0(0.91%),B:164.6(0.38%),P:1e-7	Tpos:89.0,Tstd:58.4,Bpos:96.6,Bstd:59.4,StrandBias:-0.2,Multiplicity:1.00
0.001	0.001	0.001	0.997
0.001	0.001	0.001	0.997
0.147	0.001	0.001	0.851
0.001	0.997	0.001	0.001
0.001	0.001	0.997	0.001
0.770	0.001	0.228	0.001
0.001	0.001	0.001	0.997
0.001	0.001	0.001	0.997
>CGGACCAA	22-CGGACCAA	8.236954	-13.844279	0	T:21.0(0.36%),B:43.7(0.10%),P:1e-6	Tpos:97.8,Tstd:44.7,Bpos:84.6,Bstd:67.9,StrandBias:-0.3,Multiplicity:1.00
0.100	0.700	0.100	0.100
0.100	0.100	0.700	0.100
0.100	0.100	0.700	0.100
0.700	0.100	0.100	0.100
0.100	0.700	0.100	0.100
0.100	0.700	0.100	0.100
0.700	0.100	0.100	0.100
0.700	0.100	0.100	0.100
>GYGKCAAT	23-GYGKCAAT	6.647111	-13.070143	0	T:52.0(0.89%),B:186.3(0.43%),P:1e-5	Tpos:88.0,Tstd:55.8,Bpos:93.0,Bstd:60.6,StrandBias:-0.5,Multiplicity:1.02
0.001	0.001	0.821	0.177
0.001	0.530	0.001	0.468
0.001	0.001	0.997	0.001
0.190	0.001	0.444	0.366
0.229	0.769	0.001	0.001
0.444	0.152	0.288	0.116
0.456	0.104	0.152	0.288
0.190	0.288	0.078	0.444
>ACGCTGGT	24-ACGCTGGT	8.236954	-11.344522	0	T:23.0(0.39%),B:59.9(0.14%),P:1e-4	Tpos:56.7,Tstd:51.2,Bpos:96.2,Bstd:62.2,StrandBias:-0.1,Multiplicity:1.00
0.700	0.100	0.100	0.100
0.100	0.700	0.100	0.100
0.100	0.100	0.700	0.100
0.100	0.700	0.100	0.100
0.100	0.100	0.100	0.700
0.100	0.100	0.700	0.100
0.100	0.100	0.700	0.100
0.100	0.100	0.100	0.700
>GTTGAAAT	25-GTTGAAAT	8.236954	-9.030474	0	T:46.0(0.79%),B:185.2(0.43%),P:1e-3	Tpos:96.4,Tstd:56.8,Bpos:95.8,Bstd:54.5,StrandBias:0.1,Multiplicity:1.00
0.100	0.100	0.700	0.100
0.100	0.100	0.100	0.700
0.100	0.100	0.100	0.700
0.100	0.100	0.700	0.100
0.700	0.100	0.100	0.100
0.700	0.100	0.100	0.100
0.700	0.100	0.100	0.100
0.100	0.100	0.100	0.700
