>CACTTCCTCWTY	1-CACTTCCTCWTY	7.925136	-2567.741264	0	T:2861.0(48.99%),B:4820.7(11.23%),P:1e-1115	Tpos:102.2,Tstd:32.4,Bpos:99.5,Bstd:66.4,StrandBias:0.0,Multiplicity:1.24
0.166	0.408	0.218	0.208
0.687	0.058	0.127	0.128
0.001	0.789	0.159	0.051
0.001	0.001	0.001	0.997
0.001	0.001	0.001	0.997
0.001	0.997	0.001	0.001
0.001	0.995	0.001	0.003
0.001	0.268	0.001	0.730
0.022	0.542	0.177	0.259
0.317	0.238	0.001	0.444
0.189	0.223	0.137	0.450
0.212	0.272	0.120	0.396
>AAAGRGGAAGTG	2-AAAGRGGAAGTG	8.140392	-1184.742666	0	T:1553.0(26.59%),B:2724.7(6.35%),P:1e-514	Tpos:101.6,Tstd:38.4,Bpos:100.5,Bstd:62.9,StrandBias:-0.0,Multiplicity:1.08
0.710	0.082	0.168	0.040
0.760	0.064	0.144	0.032
0.483	0.263	0.075	0.178
0.240	0.138	0.428	0.194
0.479	0.038	0.389	0.093
0.336	0.001	0.662	0.001
0.001	0.003	0.995	0.001
0.989	0.001	0.009	0.001
0.933	0.001	0.001	0.065
0.225	0.139	0.607	0.029
0.056	0.001	0.082	0.861
0.019	0.091	0.880	0.010
>KGTTCCTSTTTT	3-KGTTCCTSTTTT	5.822744	-482.122216	0	T:909.0(15.57%),B:2058.9(4.80%),P:1e-209	Tpos:102.7,Tstd:44.0,Bpos:99.2,Bstd:61.9,StrandBias:0.3,Multiplicity:1.04
0.100	0.188	0.418	0.294
0.052	0.228	0.506	0.214
0.001	0.001	0.001	0.997
0.001	0.001	0.001	0.997
0.001	0.997	0.001	0.001
0.001	0.997	0.001	0.001
0.001	0.001	0.001	0.997
0.040	0.460	0.498	0.001
0.001	0.001	0.001	0.997
0.001	0.001	0.001	0.997
0.001	0.338	0.133	0.528
0.001	0.407	0.016	0.576
>CAGTTCCCYAAA	4-CAGTTCCCYAAA	8.399488	-297.999035	0	T:598.0(10.24%),B:1391.9(3.24%),P:1e-129	Tpos:102.6,Tstd:41.2,Bpos:98.8,Bstd:61.0,StrandBias:-0.1,Multiplicity:1.03
0.089	0.733	0.177	0.001
0.829	0.001	0.014	0.156
0.001	0.316	0.598	0.085
0.044	0.009	0.001	0.946
0.001	0.001	0.015	0.983
0.075	0.818	0.013	0.094
0.004	0.771	0.001	0.224
0.061	0.583	0.001	0.355
0.212	0.357	0.001	0.430
0.796	0.035	0.077	0.092
0.632	0.176	0.191	0.001
0.634	0.073	0.124	0.169
>NGACAGGAACTG	5-NGACAGGAACTG	8.583752	-255.577527	0	T:555.0(9.50%),B:1360.2(3.17%),P:1e-110	Tpos:104.4,Tstd:45.7,Bpos:104.4,Bstd:58.1,StrandBias:0.1,Multiplicity:1.06
0.249	0.231	0.208	0.313
0.067	0.225	0.548	0.160
0.690	0.138	0.150	0.022
0.114	0.813	0.043	0.030
0.944	0.001	0.001	0.054
0.033	0.001	0.954	0.012
0.102	0.049	0.834	0.015
0.892	0.057	0.045	0.006
0.793	0.044	0.079	0.084
0.022	0.776	0.196	0.006
0.178	0.006	0.050	0.766
0.007	0.042	0.886	0.065
>GCCMCCTRGTGG	6-GCCMCCTRGTGG	11.029788	-236.189383	0	T:162.0(2.77%),B:116.7(0.27%),P:1e-102	Tpos:105.5,Tstd:38.0,Bpos:104.0,Bstd:55.3,StrandBias:-0.1,Multiplicity:1.01
0.001	0.001	0.897	0.101
0.001	0.997	0.001	0.001
0.001	0.997	0.001	0.001
0.490	0.483	0.026	0.001
0.001	0.657	0.001	0.341
0.001	0.997	0.001	0.001
0.001	0.001	0.025	0.973
0.405	0.026	0.441	0.128
0.001	0.219	0.754	0.026
0.001	0.001	0.001	0.997
0.001	0.001	0.997	0.001
0.001	0.060	0.913	0.026
>CTTCCTCMWYTC	7-CTTCCTCMWYTC	8.577249	-178.314941	0	T:278.0(4.76%),B:525.1(1.22%),P:1e-77	Tpos:99.7,Tstd:48.1,Bpos:95.5,Bstd:64.8,StrandBias:1.0,Multiplicity:1.01
0.107	0.679	0.114	0.100
0.253	0.088	0.102	0.557
0.082	0.104	0.088	0.726
0.063	0.732	0.082	0.123
0.119	0.768	0.003	0.110
0.060	0.346	0.024	0.570
0.087	0.695	0.085	0.133
0.398	0.338	0.031	0.233
0.275	0.055	0.257	0.412
0.045	0.419	0.240	0.297
0.348	0.086	0.059	0.507
0.068	0.503	0.082	0.347
>NVTGASTCABNN	8-NVTGASTCABNN	3.194930	-126.607624	0	T:506.0(8.66%),B:1731.0(4.03%),P:1e-54	Tpos:101.4,Tstd:51.8,Bpos:101.0,Bstd:57.3,StrandBias:0.0,Multiplicity:1.05
0.277	0.178	0.276	0.269
0.372	0.327	0.300	0.001
0.001	0.001	0.001	0.997
0.001	0.001	0.997	0.001
0.997	0.001	0.001	0.001
0.001	0.500	0.498	0.001
0.001	0.001	0.001	0.997
0.001	0.997	0.001	0.001
0.997	0.001	0.001	0.001
0.001	0.312	0.344	0.342
0.253	0.278	0.189	0.281
0.257	0.253	0.256	0.234
>BACTTCTGCTTT	9-BACTTCTGCTTT	10.897449	-126.219079	0	T:158.0(2.71%),B:244.3(0.57%),P:1e-54	Tpos:103.8,Tstd:41.4,Bpos:103.0,Bstd:63.8,StrandBias:-0.2,Multiplicity:1.03
0.142	0.259	0.257	0.342
0.596	0.001	0.200	0.203
0.001	0.595	0.385	0.019
0.001	0.001	0.001	0.997
0.001	0.001	0.001	0.997
0.001	0.997	0.001	0.001
0.001	0.001	0.001	0.997
0.001	0.304	0.694	0.001
0.001	0.694	0.045	0.260
0.282	0.001	0.001	0.716
0.001	0.174	0.001	0.824
0.001	0.326	0.039	0.634
>TTCCTCTTCCTT	10-TTCCTCTTCCTT	10.504236	-121.800976	0	T:367.0(6.28%),B:1088.8(2.54%),P:1e-52	Tpos:96.9,Tstd:45.9,Bpos:102.4,Bstd:70.3,StrandBias:0.3,Multiplicity:1.05
0.001	0.203	0.067	0.729
0.001	0.127	0.001	0.871
0.001	0.810	0.070	0.119
0.113	0.676	0.001	0.210
0.001	0.077	0.026	0.896
0.101	0.704	0.194	0.001
0.001	0.070	0.001	0.928
0.001	0.001	0.001	0.997
0.001	0.997	0.001	0.001
0.104	0.894	0.001	0.001
0.001	0.001	0.001	0.997
0.184	0.176	0.164	0.476
>NNNHTTCCTCMN	11-NNNHTTCCTCMN	6.430858	-102.256165	0	T:149.0(2.55%),B:266.1(0.62%),P:1e-44	Tpos:106.2,Tstd:39.0,Bpos:101.5,Bstd:65.5,StrandBias:0.3,Multiplicity:1.03
0.192	0.213	0.298	0.297
0.200	0.261	0.280	0.259
0.315	0.256	0.218	0.211
0.267	0.314	0.163	0.256
0.180	0.020	0.299	0.501
0.147	0.001	0.022	0.830
0.300	0.562	0.011	0.127
0.144	0.502	0.233	0.121
0.001	0.029	0.102	0.868
0.091	0.535	0.364	0.010
0.303	0.388	0.134	0.174
0.190	0.280	0.241	0.289
>GTTCCTTCCTCA	12-GTTCCTTCCTCA	9.233321	-71.287732	0	T:173.0(2.96%),B:453.4(1.06%),P:1e-30	Tpos:94.2,Tstd:50.9,Bpos:96.5,Bstd:64.5,StrandBias:-0.1,Multiplicity:1.00
0.012	0.001	0.926	0.061
0.001	0.337	0.061	0.601
0.001	0.001	0.001	0.997
0.001	0.937	0.061	0.001
0.001	0.997	0.001	0.001
0.001	0.061	0.001	0.937
0.061	0.001	0.001	0.937
0.001	0.997	0.001	0.001
0.001	0.937	0.001	0.061
0.001	0.032	0.001	0.966
0.001	0.935	0.032	0.032
0.836	0.120	0.001	0.043
>AAAAACGGGAAG	13-AAAAACGGGAAG	12.363136	-47.057539	0	T:31.0(0.53%),B:22.9(0.05%),P:1e-20	Tpos:102.7,Tstd:34.2,Bpos:55.1,Bstd:18.4,StrandBias:1.0,Multiplicity:1.00
0.893	0.105	0.001	0.001
0.685	0.105	0.105	0.105
0.985	0.001	0.013	0.001
0.893	0.001	0.105	0.001
0.997	0.001	0.001	0.001
0.033	0.757	0.105	0.105
0.001	0.001	0.893	0.105
0.001	0.001	0.997	0.001
0.001	0.001	0.997	0.001
0.997	0.001	0.001	0.001
0.997	0.001	0.001	0.001
0.105	0.001	0.893	0.001
>TGCCGAGGAAGT	14-TGCCGAGGAAGT	11.765969	-43.991823	0	T:19.0(0.33%),B:6.9(0.02%),P:1e-19	Tpos:94.7,Tstd:29.5,Bpos:85.5,Bstd:54.6,StrandBias:1.4,Multiplicity:1.00
0.183	0.196	0.187	0.433
0.183	0.206	0.442	0.170
0.001	0.652	0.169	0.178
0.001	0.997	0.001	0.001
0.183	0.085	0.545	0.187
0.997	0.001	0.001	0.001
0.001	0.001	0.997	0.001
0.182	0.169	0.648	0.001
0.997	0.001	0.001	0.001
0.995	0.001	0.003	0.001
0.001	0.004	0.994	0.001
0.001	0.001	0.093	0.905
>GGAGGTGTGGTC	15-GGAGGTGTGGTC	12.083036	-39.948459	0	T:51.0(0.87%),B:83.9(0.20%),P:1e-17	Tpos:98.1,Tstd:44.5,Bpos:111.7,Bstd:50.0,StrandBias:0.0,Multiplicity:1.16
0.035	0.001	0.963	0.001
0.001	0.001	0.741	0.257
0.997	0.001	0.001	0.001
0.082	0.001	0.916	0.001
0.036	0.048	0.880	0.036
0.035	0.035	0.001	0.929
0.036	0.036	0.892	0.036
0.001	0.001	0.001	0.997
0.001	0.001	0.963	0.035
0.001	0.001	0.997	0.001
0.001	0.185	0.039	0.775
0.001	0.963	0.001	0.035
>TATTTGTGGTCA	16-TATTTGTGGTCA	12.991769	-36.673683	0	T:19.0(0.33%),B:9.2(0.02%),P:1e-15	Tpos:136.2,Tstd:48.9,Bpos:97.1,Bstd:56.5,StrandBias:0.2,Multiplicity:1.00
0.070	0.001	0.070	0.859
0.698	0.070	0.162	0.070
0.001	0.070	0.070	0.859
0.001	0.069	0.001	0.929
0.001	0.001	0.001	0.997
0.001	0.001	0.997	0.001
0.001	0.001	0.001	0.997
0.001	0.001	0.929	0.069
0.001	0.001	0.929	0.069
0.001	0.069	0.001	0.929
0.001	0.929	0.001	0.069
0.997	0.001	0.001	0.001
>TGACATCATTYK	17-TGACATCATTYK	8.421192	-33.400309	0	T:81.0(1.39%),B:216.9(0.51%),P:1e-14	Tpos:102.2,Tstd:54.4,Bpos:100.3,Bstd:55.7,StrandBias:-0.3,Multiplicity:1.03
0.100	0.001	0.045	0.854
0.086	0.176	0.636	0.102
0.796	0.088	0.058	0.058
0.118	0.668	0.113	0.101
0.605	0.143	0.092	0.160
0.143	0.092	0.095	0.670
0.166	0.690	0.137	0.007
0.708	0.133	0.058	0.101
0.008	0.136	0.065	0.791
0.119	0.160	0.172	0.549
0.144	0.380	0.188	0.288
0.227	0.139	0.389	0.245
>GAAAAAGGGAAG	18-GAAAAAGGGAAG	10.878689	-32.296298	0	T:40.0(0.68%),B:64.9(0.15%),P:1e-14	Tpos:99.4,Tstd:51.4,Bpos:113.2,Bstd:78.2,StrandBias:0.2,Multiplicity:1.07
0.054	0.047	0.646	0.253
0.850	0.046	0.053	0.051
0.646	0.088	0.159	0.107
0.757	0.038	0.163	0.042
0.514	0.148	0.211	0.127
0.708	0.029	0.036	0.227
0.220	0.026	0.724	0.030
0.224	0.016	0.585	0.175
0.040	0.028	0.785	0.147
0.671	0.112	0.175	0.042
0.872	0.023	0.060	0.045
0.114	0.181	0.673	0.032
>TGAGAACGGCGC	19-TGAGAACGGCGC	11.175947	-30.879794	0	T:9.0(0.15%),B:1.6(0.00%),P:1e-13	Tpos:108.1,Tstd:46.2,Bpos:64.3,Bstd:39.0,StrandBias:0.3,Multiplicity:1.00
0.098	0.049	0.098	0.755
0.001	0.097	0.853	0.049
0.901	0.001	0.049	0.049
0.001	0.001	0.997	0.001
0.853	0.049	0.097	0.001
0.755	0.049	0.098	0.098
0.097	0.801	0.001	0.101
0.001	0.049	0.853	0.097
0.052	0.049	0.898	0.001
0.146	0.756	0.097	0.001
0.150	0.101	0.748	0.001
0.001	0.850	0.052	0.097
>CGTGAGAGCGAC	20-CGTGAGAGCGAC	10.409522	-21.260653	0	T:8.0(0.14%),B:2.4(0.01%),P:1e-9	Tpos:69.4,Tstd:30.7,Bpos:91.6,Bstd:23.6,StrandBias:2.8,Multiplicity:1.00
0.100	0.700	0.100	0.100
0.100	0.100	0.700	0.100
0.100	0.100	0.100	0.700
0.100	0.100	0.700	0.100
0.700	0.100	0.100	0.100
0.100	0.100	0.700	0.100
0.700	0.100	0.100	0.100
0.100	0.100	0.700	0.100
0.100	0.700	0.100	0.100
0.100	0.100	0.700	0.100
0.700	0.100	0.100	0.100
0.100	0.700	0.100	0.100
>GTKAGGTKAAGT	21-GTKAGGTKAAGT	13.500992	-18.664597	0	T:6.0(0.10%),B:1.6(0.00%),P:1e-8	Tpos:79.3,Tstd:70.6,Bpos:121.6,Bstd:62.8,StrandBias:-1.0,Multiplicity:1.00
0.001	0.001	0.997	0.001
0.001	0.181	0.001	0.817
0.001	0.001	0.452	0.546
0.997	0.001	0.001	0.001
0.001	0.001	0.997	0.001
0.181	0.001	0.817	0.001
0.001	0.001	0.001	0.997
0.001	0.001	0.440	0.558
0.997	0.001	0.001	0.001
0.734	0.001	0.264	0.001
0.001	0.001	0.997	0.001
0.001	0.001	0.001	0.997
>ATCCTCCTRACA	22-ATCCTCCTRACA	13.145987	-11.838338	0	T:8.0(0.14%),B:7.4(0.02%),P:1e-5	Tpos:96.9,Tstd:49.9,Bpos:81.5,Bstd:67.6,StrandBias:-2.7,Multiplicity:1.88
0.997	0.001	0.001	0.001
0.001	0.001	0.001	0.997
0.001	0.596	0.402	0.001
0.001	0.997	0.001	0.001
0.001	0.001	0.001	0.997
0.001	0.997	0.001	0.001
0.402	0.596	0.001	0.001
0.001	0.001	0.001	0.997
0.402	0.194	0.402	0.001
0.997	0.001	0.001	0.001
0.001	0.997	0.001	0.001
0.997	0.001	0.001	0.001
>GGCAGAGGAACT	23-GGCAGAGGAACT	12.555598	-10.694262	0	T:6.0(0.10%),B:4.4(0.01%),P:1e-4	Tpos:90.7,Tstd:48.9,Bpos:63.7,Bstd:38.8,StrandBias:-0.8,Multiplicity:1.83
0.092	0.055	0.778	0.075
0.001	0.083	0.669	0.247
0.082	0.808	0.027	0.083
0.827	0.001	0.001	0.171
0.001	0.054	0.944	0.001
0.561	0.001	0.411	0.027
0.028	0.001	0.943	0.028
0.138	0.056	0.750	0.056
0.824	0.001	0.174	0.001
0.863	0.027	0.001	0.109
0.056	0.861	0.001	0.082
0.212	0.027	0.027	0.734
>CCCTTTCCCTTT	24-CCCTTTCCCTTT	9.694726	-2.408519	0	T:9.0(0.15%),B:39.1(0.09%),P:1e-1	Tpos:68.5,Tstd:38.7,Bpos:115.9,Bstd:91.7,StrandBias:2.0,Multiplicity:3.12
0.001	0.997	0.001	0.001
0.001	0.997	0.001	0.001
0.001	0.997	0.001	0.001
0.001	0.001	0.001	0.997
0.001	0.001	0.001	0.997
0.001	0.001	0.001	0.997
0.001	0.997	0.001	0.001
0.001	0.958	0.040	0.001
0.001	0.997	0.001	0.001
0.001	0.001	0.001	0.997
0.001	0.001	0.001	0.997
0.001	0.001	0.001	0.997
>GAGGTGAGGTGA	25-GAGGTGAGGTGA	12.355432	-2.061663	0	T:1.0(0.02%),B:1.9(0.00%),P:1e0	Tpos:174.5,Tstd:11.5,Bpos:70.6,Bstd:37.7,StrandBias:10.0,Multiplicity:1.00
0.100	0.100	0.700	0.100
0.700	0.100	0.100	0.100
0.100	0.100	0.700	0.100
0.100	0.100	0.700	0.100
0.100	0.100	0.100	0.700
0.100	0.100	0.700	0.100
0.700	0.100	0.100	0.100
0.100	0.100	0.700	0.100
0.100	0.100	0.700	0.100
0.100	0.100	0.100	0.700
0.100	0.100	0.700	0.100
0.700	0.100	0.100	0.100
