>ACTTCCTYYT	1-ACTTCCTYYT	7.713065	-2370.055917	0	T:2797.0(47.89%),B:4961.1(11.56%),P:1e-1029	Tpos:102.8,Tstd:32.6,Bpos:100.0,Bstd:65.0,StrandBias:-0.0,Multiplicity:1.20
0.806	0.001	0.110	0.083
0.001	0.744	0.238	0.017
0.001	0.001	0.001	0.997
0.001	0.001	0.001	0.997
0.001	0.997	0.001	0.001
0.001	0.997	0.001	0.001
0.001	0.284	0.001	0.714
0.031	0.432	0.215	0.322
0.221	0.285	0.087	0.407
0.200	0.251	0.097	0.453
>CACTTCCCGT	2-CACTTCCCGT	5.109967	-1352.425487	0	T:3174.0(54.35%),B:9818.7(22.88%),P:1e-587	Tpos:101.2,Tstd:46.6,Bpos:100.9,Bstd:63.4,StrandBias:0.1,Multiplicity:1.17
0.090	0.705	0.114	0.091
0.736	0.082	0.102	0.080
0.080	0.689	0.128	0.103
0.107	0.081	0.096	0.716
0.074	0.078	0.092	0.756
0.087	0.734	0.081	0.098
0.095	0.709	0.086	0.110
0.071	0.667	0.114	0.148
0.100	0.151	0.622	0.127
0.125	0.106	0.104	0.665
>RAHVVGGAAS	3-RAHVVGGAAS	5.784375	-1307.742905	0	T:2781.0(47.62%),B:7839.3(18.27%),P:1e-567	Tpos:101.6,Tstd:42.4,Bpos:100.2,Bstd:66.0,StrandBias:0.1,Multiplicity:1.23
0.415	0.151	0.267	0.167
0.463	0.160	0.174	0.204
0.330	0.194	0.160	0.316
0.257	0.224	0.336	0.182
0.311	0.286	0.286	0.117
0.298	0.054	0.647	0.001
0.173	0.013	0.795	0.019
0.967	0.001	0.031	0.001
0.814	0.082	0.022	0.082
0.184	0.335	0.373	0.108
>DKTTCCTSHT	4-DKTTCCTSHT	6.865912	-179.004760	0	T:889.0(15.22%),B:3372.4(7.86%),P:1e-77	Tpos:98.9,Tstd:52.8,Bpos:97.5,Bstd:61.8,StrandBias:0.3,Multiplicity:1.05
0.292	0.001	0.398	0.309
0.218	0.001	0.413	0.368
0.001	0.001	0.001	0.997
0.003	0.128	0.289	0.580
0.254	0.744	0.001	0.001
0.058	0.692	0.001	0.249
0.138	0.307	0.001	0.554
0.001	0.448	0.368	0.184
0.320	0.283	0.131	0.266
0.267	0.001	0.001	0.731
>STTCCTCAAA	5-STTCCTCAAA	8.955966	-147.068883	0	T:324.0(5.55%),B:795.9(1.85%),P:1e-63	Tpos:91.9,Tstd:40.2,Bpos:95.6,Bstd:60.9,StrandBias:-0.0,Multiplicity:1.01
0.082	0.411	0.415	0.092
0.009	0.005	0.001	0.985
0.001	0.001	0.020	0.978
0.001	0.997	0.001	0.001
0.019	0.835	0.049	0.097
0.001	0.261	0.031	0.707
0.118	0.434	0.213	0.235
0.887	0.001	0.055	0.057
0.898	0.092	0.009	0.001
0.896	0.095	0.008	0.001
>GGTTCCTCCC	6-GGTTCCTCCC	7.582460	-127.218905	0	T:554.0(9.49%),B:1969.4(4.59%),P:1e-55	Tpos:100.7,Tstd:47.8,Bpos:98.7,Bstd:64.2,StrandBias:-0.0,Multiplicity:1.06
0.115	0.057	0.746	0.082
0.046	0.136	0.733	0.085
0.038	0.115	0.064	0.783
0.056	0.060	0.044	0.840
0.037	0.826	0.111	0.026
0.056	0.860	0.054	0.030
0.022	0.085	0.115	0.778
0.166	0.693	0.048	0.093
0.074	0.823	0.059	0.044
0.048	0.924	0.010	0.018
>NNATGASTCA	7-NNATGASTCA	6.115839	-118.058735	0	T:518.0(8.87%),B:1845.3(4.30%),P:1e-51	Tpos:102.4,Tstd:51.5,Bpos:100.7,Bstd:58.1,StrandBias:0.1,Multiplicity:1.05
0.267	0.252	0.223	0.257
0.233	0.223	0.300	0.244
0.391	0.187	0.231	0.191
0.063	0.001	0.002	0.934
0.004	0.011	0.669	0.316
0.649	0.001	0.173	0.177
0.138	0.316	0.422	0.124
0.009	0.135	0.246	0.610
0.241	0.627	0.039	0.093
0.699	0.024	0.122	0.155
>CCMCCTRGTG	8-CCMCCTRGTG	9.352944	-112.496214	0	T:253.0(4.33%),B:629.3(1.47%),P:1e-48	Tpos:104.7,Tstd:40.3,Bpos:100.0,Bstd:56.6,StrandBias:-0.1,Multiplicity:1.03
0.076	0.795	0.128	0.001
0.145	0.853	0.001	0.001
0.374	0.439	0.136	0.051
0.001	0.596	0.001	0.402
0.001	0.997	0.001	0.001
0.001	0.001	0.001	0.997
0.439	0.001	0.402	0.158
0.001	0.294	0.704	0.001
0.001	0.077	0.001	0.921
0.001	0.001	0.997	0.001
>GTTGCGYAAT	9-GTTGCGYAAT	6.583015	-110.075043	0	T:659.0(11.28%),B:2654.5(6.19%),P:1e-47	Tpos:98.8,Tstd:52.7,Bpos:98.7,Bstd:58.3,StrandBias:0.0,Multiplicity:1.07
0.143	0.316	0.524	0.017
0.001	0.001	0.001	0.997
0.001	0.001	0.029	0.969
0.158	0.085	0.525	0.232
0.094	0.487	0.189	0.230
0.235	0.001	0.681	0.083
0.153	0.345	0.052	0.450
0.724	0.241	0.034	0.001
0.997	0.001	0.001	0.001
0.001	0.148	0.145	0.706
>GTTGCAACAB	10-GTTGCAACAB	6.482930	-58.343268	0	T:437.0(7.48%),B:1885.8(4.39%),P:1e-25	Tpos:97.2,Tstd:56.8,Bpos:99.4,Bstd:57.6,StrandBias:-0.1,Multiplicity:1.03
0.185	0.120	0.603	0.092
0.001	0.012	0.011	0.976
0.062	0.026	0.156	0.756
0.231	0.025	0.649	0.095
0.027	0.815	0.040	0.118
0.718	0.131	0.086	0.065
0.822	0.007	0.012	0.159
0.053	0.532	0.060	0.355
0.663	0.105	0.178	0.054
0.042	0.348	0.363	0.247
>TAGRTGKCGC	11-TAGRTGKCGC	7.256065	-47.367552	0	T:70.0(1.20%),B:129.7(0.30%),P:1e-20	Tpos:95.8,Tstd:53.4,Bpos:102.3,Bstd:53.6,StrandBias:0.2,Multiplicity:1.02
0.264	0.017	0.043	0.676
0.622	0.012	0.158	0.208
0.249	0.187	0.560	0.004
0.450	0.006	0.523	0.021
0.182	0.249	0.013	0.556
0.209	0.291	0.492	0.008
0.025	0.256	0.428	0.292
0.022	0.604	0.373	0.001
0.001	0.014	0.963	0.022
0.156	0.464	0.251	0.129
>GAAACCACCG	12-GAAACCACCG	6.875074	-44.093187	0	T:454.0(7.77%),B:2142.0(4.99%),P:1e-19	Tpos:103.6,Tstd:57.8,Bpos:102.8,Bstd:57.9,StrandBias:-0.3,Multiplicity:1.03
0.081	0.121	0.741	0.057
0.826	0.058	0.044	0.072
0.851	0.058	0.045	0.046
0.808	0.069	0.042	0.081
0.061	0.803	0.051	0.085
0.088	0.836	0.044	0.032
0.840	0.072	0.033	0.055
0.045	0.822	0.075	0.058
0.121	0.707	0.109	0.063
0.083	0.087	0.771	0.059
>TKGAGGAAGC	13-TKGAGGAAGC	9.939832	-39.373469	0	T:138.0(2.36%),B:446.8(1.04%),P:1e-17	Tpos:97.2,Tstd:44.8,Bpos:99.0,Bstd:58.2,StrandBias:-0.1,Multiplicity:1.00
0.001	0.387	0.039	0.573
0.191	0.001	0.387	0.422
0.144	0.130	0.725	0.001
0.997	0.001	0.001	0.001
0.001	0.001	0.997	0.001
0.001	0.001	0.997	0.001
0.997	0.001	0.001	0.001
0.978	0.001	0.020	0.001
0.001	0.001	0.997	0.001
0.077	0.873	0.049	0.001
>AATCATGTGA	14-AATCATGTGA	10.822545	-38.340021	0	T:58.0(0.99%),B:110.7(0.26%),P:1e-16	Tpos:89.7,Tstd:56.9,Bpos:94.3,Bstd:59.1,StrandBias:0.6,Multiplicity:1.00
0.691	0.179	0.008	0.122
0.997	0.001	0.001	0.001
0.029	0.001	0.132	0.838
0.001	0.944	0.045	0.010
0.884	0.114	0.001	0.001
0.008	0.008	0.023	0.961
0.001	0.001	0.997	0.001
0.185	0.001	0.001	0.813
0.007	0.001	0.991	0.001
0.997	0.001	0.001	0.001
>GACGTCATTC	15-GACGTCATTC	7.072310	-34.813021	0	T:169.0(2.89%),B:630.3(1.47%),P:1e-15	Tpos:95.8,Tstd:52.8,Bpos:96.4,Bstd:55.7,StrandBias:0.2,Multiplicity:1.03
0.095	0.061	0.782	0.062
0.808	0.057	0.062	0.073
0.032	0.817	0.087	0.064
0.104	0.041	0.812	0.043
0.032	0.050	0.052	0.866
0.051	0.782	0.099	0.068
0.865	0.050	0.047	0.038
0.061	0.096	0.082	0.761
0.077	0.107	0.083	0.733
0.056	0.777	0.069	0.098
>CACGTGACGT	16-CACGTGACGT	8.172859	-24.547023	0	T:92.0(1.58%),B:311.2(0.73%),P:1e-10	Tpos:107.4,Tstd:50.8,Bpos:95.1,Bstd:56.9,StrandBias:-0.2,Multiplicity:1.09
0.038	0.908	0.053	0.001
0.708	0.200	0.024	0.068
0.049	0.703	0.001	0.247
0.015	0.001	0.983	0.001
0.022	0.067	0.001	0.910
0.045	0.106	0.848	0.001
0.731	0.039	0.001	0.229
0.012	0.786	0.001	0.201
0.057	0.087	0.775	0.081
0.032	0.057	0.255	0.656
>CCTCGAAGMC	17-CCTCGAAGMC	11.749242	-23.109988	0	T:36.0(0.62%),B:72.6(0.17%),P:1e-10	Tpos:103.0,Tstd:43.2,Bpos:92.3,Bstd:51.9,StrandBias:0.1,Multiplicity:1.00
0.001	0.997	0.001	0.001
0.001	0.997	0.001	0.001
0.001	0.001	0.001	0.997
0.001	0.997	0.001	0.001
0.293	0.001	0.705	0.001
0.997	0.001	0.001	0.001
0.805	0.001	0.193	0.001
0.001	0.001	0.997	0.001
0.475	0.523	0.001	0.001
0.001	0.997	0.001	0.001
>GGAAAGGGAA	18-GGAAAGGGAA	12.046141	-21.174036	0	T:73.0(1.25%),B:239.9(0.56%),P:1e-9	Tpos:83.3,Tstd:49.3,Bpos:103.7,Bstd:64.1,StrandBias:-1.8,Multiplicity:1.88
0.001	0.001	0.997	0.001
0.001	0.001	0.997	0.001
0.997	0.001	0.001	0.001
0.997	0.001	0.001	0.001
0.831	0.001	0.167	0.001
0.001	0.001	0.997	0.001
0.001	0.001	0.997	0.001
0.001	0.001	0.997	0.001
0.997	0.001	0.001	0.001
0.997	0.001	0.001	0.001
>CATYAATCAC	19-CATYAATCAC	9.971739	-20.272597	0	T:39.0(0.67%),B:92.6(0.22%),P:1e-8	Tpos:101.8,Tstd:52.5,Bpos:101.9,Bstd:54.8,StrandBias:-0.6,Multiplicity:1.00
0.001	0.700	0.113	0.186
0.901	0.001	0.097	0.001
0.001	0.410	0.001	0.588
0.113	0.466	0.049	0.372
0.837	0.049	0.113	0.001
0.758	0.001	0.049	0.192
0.001	0.001	0.001	0.997
0.001	0.997	0.001	0.001
0.997	0.001	0.001	0.001
0.112	0.886	0.001	0.001
>TGGTATCCAC	20-TGGTATCCAC	10.978404	-19.114063	0	T:15.0(0.26%),B:15.6(0.04%),P:1e-8	Tpos:104.1,Tstd:68.5,Bpos:83.1,Bstd:49.1,StrandBias:0.2,Multiplicity:1.00
0.001	0.001	0.001	0.997
0.001	0.001	0.997	0.001
0.001	0.001	0.997	0.001
0.001	0.001	0.001	0.997
0.997	0.001	0.001	0.001
0.001	0.001	0.001	0.997
0.001	0.997	0.001	0.001
0.001	0.926	0.001	0.072
0.997	0.001	0.001	0.001
0.001	0.795	0.001	0.203
>GTGATAGGGC	21-GTGATAGGGC	10.272172	-18.664597	0	T:6.0(0.10%),B:1.2(0.00%),P:1e-8	Tpos:92.5,Tstd:69.0,Bpos:46.3,Bstd:7.0,StrandBias:0.0,Multiplicity:1.00
0.092	0.138	0.668	0.102
0.071	0.188	0.109	0.632
0.114	0.135	0.646	0.105
0.695	0.103	0.102	0.100
0.056	0.063	0.047	0.834
0.741	0.152	0.044	0.063
0.088	0.132	0.693	0.087
0.071	0.195	0.685	0.049
0.094	0.141	0.685	0.080
0.090	0.724	0.084	0.102
>TAGGGGAATC	22-TAGGGGAATC	11.655535	-16.458395	0	T:10.0(0.17%),B:7.9(0.02%),P:1e-7	Tpos:106.2,Tstd:63.3,Bpos:100.1,Bstd:49.1,StrandBias:-0.6,Multiplicity:1.00
0.001	0.001	0.001	0.997
0.997	0.001	0.001	0.001
0.001	0.001	0.997	0.001
0.001	0.001	0.997	0.001
0.001	0.113	0.885	0.001
0.001	0.001	0.997	0.001
0.997	0.001	0.001	0.001
0.997	0.001	0.001	0.001
0.001	0.001	0.001	0.997
0.001	0.997	0.001	0.001
>TGAAATATGG	23-TGAAATATGG	11.755794	-15.990719	0	T:19.0(0.33%),B:32.0(0.07%),P:1e-6	Tpos:94.0,Tstd:62.7,Bpos:103.2,Bstd:57.4,StrandBias:-0.9,Multiplicity:1.05
0.184	0.001	0.001	0.814
0.153	0.001	0.845	0.001
0.997	0.001	0.001	0.001
0.997	0.001	0.001	0.001
0.997	0.001	0.001	0.001
0.001	0.001	0.001	0.997
0.997	0.001	0.001	0.001
0.001	0.001	0.001	0.997
0.001	0.001	0.997	0.001
0.001	0.001	0.997	0.001
>TATGTTACCC	24-TATGTTACCC	11.723937	-12.951983	0	T:8.0(0.14%),B:6.7(0.02%),P:1e-5	Tpos:88.8,Tstd:54.0,Bpos:72.7,Bstd:45.2,StrandBias:0.0,Multiplicity:1.00
0.001	0.001	0.001	0.997
0.997	0.001	0.001	0.001
0.001	0.001	0.001	0.997
0.001	0.121	0.877	0.001
0.001	0.001	0.001	0.997
0.001	0.001	0.001	0.997
0.997	0.001	0.001	0.001
0.001	0.997	0.001	0.001
0.001	0.997	0.001	0.001
0.001	0.997	0.001	0.001
>GGGGATTATA	25-GGGGATTATA	10.296193	-12.304841	0	T:6.0(0.10%),B:3.3(0.01%),P:1e-5	Tpos:76.2,Tstd:47.1,Bpos:125.1,Bstd:32.4,StrandBias:2.3,Multiplicity:1.00
0.100	0.100	0.700	0.100
0.100	0.100	0.700	0.100
0.100	0.100	0.700	0.100
0.100	0.100	0.700	0.100
0.700	0.100	0.100	0.100
0.100	0.100	0.100	0.700
0.100	0.100	0.100	0.700
0.700	0.100	0.100	0.100
0.100	0.100	0.100	0.700
0.700	0.100	0.100	0.100
>CACTTCCTCWTY	1-CACTTCCTCWTY	7.925136	-2567.741264	0	T:2861.0(48.99%),B:4820.7(11.23%),P:1e-1115	Tpos:102.2,Tstd:32.4,Bpos:99.5,Bstd:66.4,StrandBias:0.0,Multiplicity:1.24
0.166	0.408	0.218	0.208
0.687	0.058	0.127	0.128
0.001	0.789	0.159	0.051
0.001	0.001	0.001	0.997
0.001	0.001	0.001	0.997
0.001	0.997	0.001	0.001
0.001	0.995	0.001	0.003
0.001	0.268	0.001	0.730
0.022	0.542	0.177	0.259
0.317	0.238	0.001	0.444
0.189	0.223	0.137	0.450
0.212	0.272	0.120	0.396
>AAAGRGGAAGTG	2-AAAGRGGAAGTG	8.140392	-1184.742666	0	T:1553.0(26.59%),B:2724.7(6.35%),P:1e-514	Tpos:101.6,Tstd:38.4,Bpos:100.5,Bstd:62.9,StrandBias:-0.0,Multiplicity:1.08
0.710	0.082	0.168	0.040
0.760	0.064	0.144	0.032
0.483	0.263	0.075	0.178
0.240	0.138	0.428	0.194
0.479	0.038	0.389	0.093
0.336	0.001	0.662	0.001
0.001	0.003	0.995	0.001
0.989	0.001	0.009	0.001
0.933	0.001	0.001	0.065
0.225	0.139	0.607	0.029
0.056	0.001	0.082	0.861
0.019	0.091	0.880	0.010
>KGTTCCTSTTTT	3-KGTTCCTSTTTT	5.822744	-482.122216	0	T:909.0(15.57%),B:2058.9(4.80%),P:1e-209	Tpos:102.7,Tstd:44.0,Bpos:99.2,Bstd:61.9,StrandBias:0.3,Multiplicity:1.04
0.100	0.188	0.418	0.294
0.052	0.228	0.506	0.214
0.001	0.001	0.001	0.997
0.001	0.001	0.001	0.997
0.001	0.997	0.001	0.001
0.001	0.997	0.001	0.001
0.001	0.001	0.001	0.997
0.040	0.460	0.498	0.001
0.001	0.001	0.001	0.997
0.001	0.001	0.001	0.997
0.001	0.338	0.133	0.528
0.001	0.407	0.016	0.576
>CAGTTCCCYAAA	4-CAGTTCCCYAAA	8.399488	-297.999035	0	T:598.0(10.24%),B:1391.9(3.24%),P:1e-129	Tpos:102.6,Tstd:41.2,Bpos:98.8,Bstd:61.0,StrandBias:-0.1,Multiplicity:1.03
0.089	0.733	0.177	0.001
0.829	0.001	0.014	0.156
0.001	0.316	0.598	0.085
0.044	0.009	0.001	0.946
0.001	0.001	0.015	0.983
0.075	0.818	0.013	0.094
0.004	0.771	0.001	0.224
0.061	0.583	0.001	0.355
0.212	0.357	0.001	0.430
0.796	0.035	0.077	0.092
0.632	0.176	0.191	0.001
0.634	0.073	0.124	0.169
>NGACAGGAACTG	5-NGACAGGAACTG	8.583752	-255.577527	0	T:555.0(9.50%),B:1360.2(3.17%),P:1e-110	Tpos:104.4,Tstd:45.7,Bpos:104.4,Bstd:58.1,StrandBias:0.1,Multiplicity:1.06
0.249	0.231	0.208	0.313
0.067	0.225	0.548	0.160
0.690	0.138	0.150	0.022
0.114	0.813	0.043	0.030
0.944	0.001	0.001	0.054
0.033	0.001	0.954	0.012
0.102	0.049	0.834	0.015
0.892	0.057	0.045	0.006
0.793	0.044	0.079	0.084
0.022	0.776	0.196	0.006
0.178	0.006	0.050	0.766
0.007	0.042	0.886	0.065
>GCCMCCTRGTGG	6-GCCMCCTRGTGG	11.029788	-236.189383	0	T:162.0(2.77%),B:116.7(0.27%),P:1e-102	Tpos:105.5,Tstd:38.0,Bpos:104.0,Bstd:55.3,StrandBias:-0.1,Multiplicity:1.01
0.001	0.001	0.897	0.101
0.001	0.997	0.001	0.001
0.001	0.997	0.001	0.001
0.490	0.483	0.026	0.001
0.001	0.657	0.001	0.341
0.001	0.997	0.001	0.001
0.001	0.001	0.025	0.973
0.405	0.026	0.441	0.128
0.001	0.219	0.754	0.026
0.001	0.001	0.001	0.997
0.001	0.001	0.997	0.001
0.001	0.060	0.913	0.026
>CTTCCTCMWYTC	7-CTTCCTCMWYTC	8.577249	-178.314941	0	T:278.0(4.76%),B:525.1(1.22%),P:1e-77	Tpos:99.7,Tstd:48.1,Bpos:95.5,Bstd:64.8,StrandBias:1.0,Multiplicity:1.01
0.107	0.679	0.114	0.100
0.253	0.088	0.102	0.557
0.082	0.104	0.088	0.726
0.063	0.732	0.082	0.123
0.119	0.768	0.003	0.110
0.060	0.346	0.024	0.570
0.087	0.695	0.085	0.133
0.398	0.338	0.031	0.233
0.275	0.055	0.257	0.412
0.045	0.419	0.240	0.297
0.348	0.086	0.059	0.507
0.068	0.503	0.082	0.347
>NVTGASTCABNN	8-NVTGASTCABNN	3.194930	-126.607624	0	T:506.0(8.66%),B:1731.0(4.03%),P:1e-54	Tpos:101.4,Tstd:51.8,Bpos:101.0,Bstd:57.3,StrandBias:0.0,Multiplicity:1.05
0.277	0.178	0.276	0.269
0.372	0.327	0.300	0.001
0.001	0.001	0.001	0.997
0.001	0.001	0.997	0.001
0.997	0.001	0.001	0.001
0.001	0.500	0.498	0.001
0.001	0.001	0.001	0.997
0.001	0.997	0.001	0.001
0.997	0.001	0.001	0.001
0.001	0.312	0.344	0.342
0.253	0.278	0.189	0.281
0.257	0.253	0.256	0.234
>BACTTCTGCTTT	9-BACTTCTGCTTT	10.897449	-126.219079	0	T:158.0(2.71%),B:244.3(0.57%),P:1e-54	Tpos:103.8,Tstd:41.4,Bpos:103.0,Bstd:63.8,StrandBias:-0.2,Multiplicity:1.03
0.142	0.259	0.257	0.342
0.596	0.001	0.200	0.203
0.001	0.595	0.385	0.019
0.001	0.001	0.001	0.997
0.001	0.001	0.001	0.997
0.001	0.997	0.001	0.001
0.001	0.001	0.001	0.997
0.001	0.304	0.694	0.001
0.001	0.694	0.045	0.260
0.282	0.001	0.001	0.716
0.001	0.174	0.001	0.824
0.001	0.326	0.039	0.634
>TTCCTCTTCCTT	10-TTCCTCTTCCTT	10.504236	-121.800976	0	T:367.0(6.28%),B:1088.8(2.54%),P:1e-52	Tpos:96.9,Tstd:45.9,Bpos:102.4,Bstd:70.3,StrandBias:0.3,Multiplicity:1.05
0.001	0.203	0.067	0.729
0.001	0.127	0.001	0.871
0.001	0.810	0.070	0.119
0.113	0.676	0.001	0.210
0.001	0.077	0.026	0.896
0.101	0.704	0.194	0.001
0.001	0.070	0.001	0.928
0.001	0.001	0.001	0.997
0.001	0.997	0.001	0.001
0.104	0.894	0.001	0.001
0.001	0.001	0.001	0.997
0.184	0.176	0.164	0.476
>NNNHTTCCTCMN	11-NNNHTTCCTCMN	6.430858	-102.256165	0	T:149.0(2.55%),B:266.1(0.62%),P:1e-44	Tpos:106.2,Tstd:39.0,Bpos:101.5,Bstd:65.5,StrandBias:0.3,Multiplicity:1.03
0.192	0.213	0.298	0.297
0.200	0.261	0.280	0.259
0.315	0.256	0.218	0.211
0.267	0.314	0.163	0.256
0.180	0.020	0.299	0.501
0.147	0.001	0.022	0.830
0.300	0.562	0.011	0.127
0.144	0.502	0.233	0.121
0.001	0.029	0.102	0.868
0.091	0.535	0.364	0.010
0.303	0.388	0.134	0.174
0.190	0.280	0.241	0.289
>GTTCCTTCCTCA	12-GTTCCTTCCTCA	9.233321	-71.287732	0	T:173.0(2.96%),B:453.4(1.06%),P:1e-30	Tpos:94.2,Tstd:50.9,Bpos:96.5,Bstd:64.5,StrandBias:-0.1,Multiplicity:1.00
0.012	0.001	0.926	0.061
0.001	0.337	0.061	0.601
0.001	0.001	0.001	0.997
0.001	0.937	0.061	0.001
0.001	0.997	0.001	0.001
0.001	0.061	0.001	0.937
0.061	0.001	0.001	0.937
0.001	0.997	0.001	0.001
0.001	0.937	0.001	0.061
0.001	0.032	0.001	0.966
0.001	0.935	0.032	0.032
0.836	0.120	0.001	0.043
>AAAAACGGGAAG	13-AAAAACGGGAAG	12.363136	-47.057539	0	T:31.0(0.53%),B:22.9(0.05%),P:1e-20	Tpos:102.7,Tstd:34.2,Bpos:55.1,Bstd:18.4,StrandBias:1.0,Multiplicity:1.00
0.893	0.105	0.001	0.001
0.685	0.105	0.105	0.105
0.985	0.001	0.013	0.001
0.893	0.001	0.105	0.001
0.997	0.001	0.001	0.001
0.033	0.757	0.105	0.105
0.001	0.001	0.893	0.105
0.001	0.001	0.997	0.001
0.001	0.001	0.997	0.001
0.997	0.001	0.001	0.001
0.997	0.001	0.001	0.001
0.105	0.001	0.893	0.001
>TGCCGAGGAAGT	14-TGCCGAGGAAGT	11.765969	-43.991823	0	T:19.0(0.33%),B:6.9(0.02%),P:1e-19	Tpos:94.7,Tstd:29.5,Bpos:85.5,Bstd:54.6,StrandBias:1.4,Multiplicity:1.00
0.183	0.196	0.187	0.433
0.183	0.206	0.442	0.170
0.001	0.652	0.169	0.178
0.001	0.997	0.001	0.001
0.183	0.085	0.545	0.187
0.997	0.001	0.001	0.001
0.001	0.001	0.997	0.001
0.182	0.169	0.648	0.001
0.997	0.001	0.001	0.001
0.995	0.001	0.003	0.001
0.001	0.004	0.994	0.001
0.001	0.001	0.093	0.905
>GGAGGTGTGGTC	15-GGAGGTGTGGTC	12.083036	-39.948459	0	T:51.0(0.87%),B:83.9(0.20%),P:1e-17	Tpos:98.1,Tstd:44.5,Bpos:111.7,Bstd:50.0,StrandBias:0.0,Multiplicity:1.16
0.035	0.001	0.963	0.001
0.001	0.001	0.741	0.257
0.997	0.001	0.001	0.001
0.082	0.001	0.916	0.001
0.036	0.048	0.880	0.036
0.035	0.035	0.001	0.929
0.036	0.036	0.892	0.036
0.001	0.001	0.001	0.997
0.001	0.001	0.963	0.035
0.001	0.001	0.997	0.001
0.001	0.185	0.039	0.775
0.001	0.963	0.001	0.035
>TATTTGTGGTCA	16-TATTTGTGGTCA	12.991769	-36.673683	0	T:19.0(0.33%),B:9.2(0.02%),P:1e-15	Tpos:136.2,Tstd:48.9,Bpos:97.1,Bstd:56.5,StrandBias:0.2,Multiplicity:1.00
0.070	0.001	0.070	0.859
0.698	0.070	0.162	0.070
0.001	0.070	0.070	0.859
0.001	0.069	0.001	0.929
0.001	0.001	0.001	0.997
0.001	0.001	0.997	0.001
0.001	0.001	0.001	0.997
0.001	0.001	0.929	0.069
0.001	0.001	0.929	0.069
0.001	0.069	0.001	0.929
0.001	0.929	0.001	0.069
0.997	0.001	0.001	0.001
>TGACATCATTYK	17-TGACATCATTYK	8.421192	-33.400309	0	T:81.0(1.39%),B:216.9(0.51%),P:1e-14	Tpos:102.2,Tstd:54.4,Bpos:100.3,Bstd:55.7,StrandBias:-0.3,Multiplicity:1.03
0.100	0.001	0.045	0.854
0.086	0.176	0.636	0.102
0.796	0.088	0.058	0.058
0.118	0.668	0.113	0.101
0.605	0.143	0.092	0.160
0.143	0.092	0.095	0.670
0.166	0.690	0.137	0.007
0.708	0.133	0.058	0.101
0.008	0.136	0.065	0.791
0.119	0.160	0.172	0.549
0.144	0.380	0.188	0.288
0.227	0.139	0.389	0.245
>GAAAAAGGGAAG	18-GAAAAAGGGAAG	10.878689	-32.296298	0	T:40.0(0.68%),B:64.9(0.15%),P:1e-14	Tpos:99.4,Tstd:51.4,Bpos:113.2,Bstd:78.2,StrandBias:0.2,Multiplicity:1.07
0.054	0.047	0.646	0.253
0.850	0.046	0.053	0.051
0.646	0.088	0.159	0.107
0.757	0.038	0.163	0.042
0.514	0.148	0.211	0.127
0.708	0.029	0.036	0.227
0.220	0.026	0.724	0.030
0.224	0.016	0.585	0.175
0.040	0.028	0.785	0.147
0.671	0.112	0.175	0.042
0.872	0.023	0.060	0.045
0.114	0.181	0.673	0.032
>TGAGAACGGCGC	19-TGAGAACGGCGC	11.175947	-30.879794	0	T:9.0(0.15%),B:1.6(0.00%),P:1e-13	Tpos:108.1,Tstd:46.2,Bpos:64.3,Bstd:39.0,StrandBias:0.3,Multiplicity:1.00
0.098	0.049	0.098	0.755
0.001	0.097	0.853	0.049
0.901	0.001	0.049	0.049
0.001	0.001	0.997	0.001
0.853	0.049	0.097	0.001
0.755	0.049	0.098	0.098
0.097	0.801	0.001	0.101
0.001	0.049	0.853	0.097
0.052	0.049	0.898	0.001
0.146	0.756	0.097	0.001
0.150	0.101	0.748	0.001
0.001	0.850	0.052	0.097
>CGTGAGAGCGAC	20-CGTGAGAGCGAC	10.409522	-21.260653	0	T:8.0(0.14%),B:2.4(0.01%),P:1e-9	Tpos:69.4,Tstd:30.7,Bpos:91.6,Bstd:23.6,StrandBias:2.8,Multiplicity:1.00
0.100	0.700	0.100	0.100
0.100	0.100	0.700	0.100
0.100	0.100	0.100	0.700
0.100	0.100	0.700	0.100
0.700	0.100	0.100	0.100
0.100	0.100	0.700	0.100
0.700	0.100	0.100	0.100
0.100	0.100	0.700	0.100
0.100	0.700	0.100	0.100
0.100	0.100	0.700	0.100
0.700	0.100	0.100	0.100
0.100	0.700	0.100	0.100
>GTKAGGTKAAGT	21-GTKAGGTKAAGT	13.500992	-18.664597	0	T:6.0(0.10%),B:1.6(0.00%),P:1e-8	Tpos:79.3,Tstd:70.6,Bpos:121.6,Bstd:62.8,StrandBias:-1.0,Multiplicity:1.00
0.001	0.001	0.997	0.001
0.001	0.181	0.001	0.817
0.001	0.001	0.452	0.546
0.997	0.001	0.001	0.001
0.001	0.001	0.997	0.001
0.181	0.001	0.817	0.001
0.001	0.001	0.001	0.997
0.001	0.001	0.440	0.558
0.997	0.001	0.001	0.001
0.734	0.001	0.264	0.001
0.001	0.001	0.997	0.001
0.001	0.001	0.001	0.997
>ATCCTCCTRACA	22-ATCCTCCTRACA	13.145987	-11.838338	0	T:8.0(0.14%),B:7.4(0.02%),P:1e-5	Tpos:96.9,Tstd:49.9,Bpos:81.5,Bstd:67.6,StrandBias:-2.7,Multiplicity:1.88
0.997	0.001	0.001	0.001
0.001	0.001	0.001	0.997
0.001	0.596	0.402	0.001
0.001	0.997	0.001	0.001
0.001	0.001	0.001	0.997
0.001	0.997	0.001	0.001
0.402	0.596	0.001	0.001
0.001	0.001	0.001	0.997
0.402	0.194	0.402	0.001
0.997	0.001	0.001	0.001
0.001	0.997	0.001	0.001
0.997	0.001	0.001	0.001
>GGCAGAGGAACT	23-GGCAGAGGAACT	12.555598	-10.694262	0	T:6.0(0.10%),B:4.4(0.01%),P:1e-4	Tpos:90.7,Tstd:48.9,Bpos:63.7,Bstd:38.8,StrandBias:-0.8,Multiplicity:1.83
0.092	0.055	0.778	0.075
0.001	0.083	0.669	0.247
0.082	0.808	0.027	0.083
0.827	0.001	0.001	0.171
0.001	0.054	0.944	0.001
0.561	0.001	0.411	0.027
0.028	0.001	0.943	0.028
0.138	0.056	0.750	0.056
0.824	0.001	0.174	0.001
0.863	0.027	0.001	0.109
0.056	0.861	0.001	0.082
0.212	0.027	0.027	0.734
>CCCTTTCCCTTT	24-CCCTTTCCCTTT	9.694726	-2.408519	0	T:9.0(0.15%),B:39.1(0.09%),P:1e-1	Tpos:68.5,Tstd:38.7,Bpos:115.9,Bstd:91.7,StrandBias:2.0,Multiplicity:3.12
0.001	0.997	0.001	0.001
0.001	0.997	0.001	0.001
0.001	0.997	0.001	0.001
0.001	0.001	0.001	0.997
0.001	0.001	0.001	0.997
0.001	0.001	0.001	0.997
0.001	0.997	0.001	0.001
0.001	0.958	0.040	0.001
0.001	0.997	0.001	0.001
0.001	0.001	0.001	0.997
0.001	0.001	0.001	0.997
0.001	0.001	0.001	0.997
>GAGGTGAGGTGA	25-GAGGTGAGGTGA	12.355432	-2.061663	0	T:1.0(0.02%),B:1.9(0.00%),P:1e0	Tpos:174.5,Tstd:11.5,Bpos:70.6,Bstd:37.7,StrandBias:10.0,Multiplicity:1.00
0.100	0.100	0.700	0.100
0.700	0.100	0.100	0.100
0.100	0.100	0.700	0.100
0.100	0.100	0.700	0.100
0.100	0.100	0.100	0.700
0.100	0.100	0.700	0.100
0.700	0.100	0.100	0.100
0.100	0.100	0.700	0.100
0.100	0.100	0.700	0.100
0.100	0.100	0.100	0.700
0.100	0.100	0.700	0.100
0.700	0.100	0.100	0.100
>GAGGAAGT	1-GAGGAAGT	6.985101	-2040.999926	0	T:2744.0(46.99%),B:5471.7(12.75%),P:1e-886	Tpos:102.5,Tstd:33.8,Bpos:98.8,Bstd:66.1,StrandBias:0.0,Multiplicity:1.23
0.114	0.133	0.728	0.025
0.876	0.001	0.113	0.010
0.001	0.001	0.997	0.001
0.001	0.001	0.997	0.001
0.997	0.001	0.001	0.001
0.997	0.001	0.001	0.001
0.016	0.076	0.907	0.001
0.114	0.045	0.001	0.840
>ACTTCCCT	2-ACTTCCCT	4.307795	-1850.031569	0	T:3193.0(54.67%),B:8129.8(18.95%),P:1e-803	Tpos:102.6,Tstd:40.4,Bpos:100.0,Bstd:62.9,StrandBias:-0.1,Multiplicity:1.13
0.997	0.001	0.001	0.001
0.001	0.543	0.274	0.182
0.001	0.001	0.001	0.997
0.001	0.001	0.001	0.997
0.001	0.997	0.001	0.001
0.001	0.997	0.001	0.001
0.001	0.696	0.056	0.247
0.001	0.228	0.017	0.754
>CGCTTCCT	3-CGCTTCCT	5.457037	-1036.793610	0	T:3613.0(61.87%),B:14065.7(32.78%),P:1e-450	Tpos:101.9,Tstd:49.1,Bpos:100.7,Bstd:63.8,StrandBias:0.0,Multiplicity:1.26
0.057	0.783	0.067	0.093
0.238	0.043	0.613	0.106
0.025	0.705	0.184	0.086
0.080	0.153	0.033	0.734
0.061	0.085	0.075	0.779
0.072	0.859	0.045	0.024
0.047	0.890	0.029	0.034
0.116	0.196	0.047	0.641
>AAGAGGAA	4-AAGAGGAA	7.801414	-710.888321	0	T:1384.0(23.70%),B:3307.7(7.71%),P:1e-308	Tpos:101.9,Tstd:42.5,Bpos:99.1,Bstd:64.3,StrandBias:-0.3,Multiplicity:1.12
0.997	0.001	0.001	0.001
0.928	0.001	0.001	0.070
0.001	0.327	0.671	0.001
0.806	0.001	0.192	0.001
0.001	0.001	0.997	0.001
0.001	0.001	0.997	0.001
0.997	0.001	0.001	0.001
0.997	0.001	0.001	0.001
>ATGAGTCA	5-ATGAGTCA	7.961702	-116.640354	0	T:436.0(7.47%),B:1443.3(3.36%),P:1e-50	Tpos:103.2,Tstd:51.7,Bpos:100.4,Bstd:59.3,StrandBias:0.1,Multiplicity:1.04
0.662	0.163	0.105	0.070
0.001	0.001	0.001	0.997
0.001	0.001	0.984	0.014
0.972	0.001	0.013	0.014
0.034	0.233	0.704	0.029
0.001	0.001	0.028	0.970
0.013	0.976	0.010	0.001
0.984	0.001	0.014	0.001
>TTCCCTTT	6-TTCCCTTT	7.846807	-85.238536	0	T:721.0(12.35%),B:3240.0(7.55%),P:1e-37	Tpos:101.1,Tstd:53.3,Bpos:98.6,Bstd:67.3,StrandBias:0.1,Multiplicity:1.11
0.001	0.001	0.001	0.997
0.001	0.001	0.210	0.788
0.001	0.997	0.001	0.001
0.121	0.815	0.063	0.001
0.001	0.798	0.001	0.200
0.001	0.001	0.001	0.997
0.001	0.001	0.001	0.997
0.001	0.001	0.001	0.997
>TTGCRTAA	7-TTGCRTAA	6.238601	-72.024609	0	T:804.0(13.77%),B:3887.5(9.06%),P:1e-31	Tpos:99.8,Tstd:52.1,Bpos:99.3,Bstd:60.1,StrandBias:-0.1,Multiplicity:1.09
0.011	0.001	0.045	0.943
0.001	0.001	0.001	0.997
0.125	0.001	0.796	0.078
0.001	0.880	0.001	0.118
0.502	0.046	0.450	0.002
0.203	0.140	0.150	0.507
0.638	0.360	0.001	0.001
0.920	0.001	0.078	0.001
>CGCCCYCT	8-CGCCCYCT	7.471940	-63.419108	0	T:654.0(11.20%),B:3092.4(7.21%),P:1e-27	Tpos:104.8,Tstd:50.8,Bpos:98.2,Bstd:58.0,StrandBias:0.1,Multiplicity:1.05
0.001	0.677	0.001	0.321
0.001	0.001	0.997	0.001
0.001	0.997	0.001	0.001
0.001	0.997	0.001	0.001
0.210	0.788	0.001	0.001
0.001	0.464	0.001	0.534
0.130	0.868	0.001	0.001
0.001	0.001	0.001	0.997
>GRGGACGG	9-GRGGACGG	7.356695	-60.579118	0	T:738.0(12.64%),B:3636.4(8.47%),P:1e-26	Tpos:101.5,Tstd:51.9,Bpos:101.2,Bstd:65.2,StrandBias:-0.1,Multiplicity:1.11
0.072	0.203	0.690	0.035
0.434	0.248	0.317	0.001
0.001	0.001	0.903	0.095
0.252	0.001	0.711	0.036
0.997	0.001	0.001	0.001
0.303	0.695	0.001	0.001
0.001	0.001	0.826	0.172
0.018	0.020	0.872	0.090
>TTCCGCTT	10-TTCCGCTT	7.829507	-56.090931	0	T:330.0(5.65%),B:1314.6(3.06%),P:1e-24	Tpos:102.9,Tstd:49.1,Bpos:99.8,Bstd:62.1,StrandBias:-0.2,Multiplicity:1.02
0.001	0.001	0.001	0.997
0.001	0.339	0.001	0.659
0.001	0.650	0.001	0.348
0.001	0.885	0.001	0.113
0.001	0.001	0.997	0.001
0.001	0.997	0.001	0.001
0.196	0.001	0.001	0.802
0.001	0.001	0.001	0.997
>CACTTCTC	11-CACTTCTC	8.291861	-49.491413	0	T:537.0(9.20%),B:2567.3(5.98%),P:1e-21	Tpos:99.8,Tstd:44.7,Bpos:98.6,Bstd:60.3,StrandBias:-0.1,Multiplicity:1.06
0.111	0.802	0.086	0.001
0.997	0.001	0.001	0.001
0.001	0.833	0.165	0.001
0.001	0.001	0.001	0.997
0.001	0.001	0.001	0.997
0.001	0.997	0.001	0.001
0.001	0.001	0.001	0.997
0.001	0.863	0.135	0.001
>GGTTCCTC	12-GGTTCCTC	8.183208	-43.719603	0	T:244.0(4.18%),B:955.7(2.23%),P:1e-18	Tpos:103.8,Tstd:50.1,Bpos:100.1,Bstd:57.9,StrandBias:0.0,Multiplicity:1.02
0.001	0.084	0.914	0.001
0.001	0.001	0.997	0.001
0.001	0.001	0.001	0.997
0.001	0.001	0.001	0.997
0.001	0.997	0.001	0.001
0.097	0.871	0.031	0.001
0.001	0.240	0.001	0.758
0.001	0.997	0.001	0.001
>ATCACRTG	13-ATCACRTG	7.500377	-36.663333	0	T:359.0(6.15%),B:1672.4(3.90%),P:1e-15	Tpos:102.4,Tstd:55.1,Bpos:96.7,Bstd:56.5,StrandBias:0.2,Multiplicity:1.06
0.875	0.001	0.123	0.001
0.001	0.001	0.001	0.997
0.001	0.997	0.001	0.001
0.997	0.001	0.001	0.001
0.001	0.646	0.001	0.352
0.564	0.001	0.434	0.001
0.188	0.001	0.001	0.810
0.001	0.001	0.997	0.001
>GAAACCAC	14-GAAACCAC	6.962249	-36.171356	0	T:439.0(7.52%),B:2155.8(5.02%),P:1e-15	Tpos:104.5,Tstd:55.2,Bpos:99.1,Bstd:58.5,StrandBias:0.2,Multiplicity:1.03
0.274	0.106	0.619	0.001
0.680	0.004	0.074	0.242
0.891	0.107	0.001	0.001
0.894	0.104	0.001	0.001
0.001	0.732	0.111	0.156
0.001	0.623	0.204	0.172
0.680	0.001	0.146	0.173
0.001	0.905	0.001	0.093
>TGCGCAAT	15-TGCGCAAT	5.674372	-30.258171	0	T:703.0(12.04%),B:3915.2(9.12%),P:1e-13	Tpos:98.8,Tstd:57.3,Bpos:100.2,Bstd:58.6,StrandBias:0.1,Multiplicity:1.06
0.030	0.001	0.001	0.968
0.001	0.039	0.952	0.008
0.189	0.672	0.138	0.001
0.001	0.110	0.717	0.172
0.001	0.929	0.013	0.057
0.982	0.001	0.001	0.016
0.961	0.001	0.001	0.037
0.012	0.054	0.118	0.816
>AGTTCTGY	16-AGTTCTGY	7.596382	-29.943834	0	T:427.0(7.31%),B:2173.7(5.07%),P:1e-13	Tpos:103.0,Tstd:53.8,Bpos:99.9,Bstd:61.8,StrandBias:-0.0,Multiplicity:1.02
0.997	0.001	0.001	0.001
0.001	0.001	0.997	0.001
0.001	0.001	0.001	0.997
0.001	0.001	0.001	0.997
0.357	0.641	0.001	0.001
0.001	0.001	0.001	0.997
0.001	0.097	0.901	0.001
0.001	0.502	0.001	0.496
>AATCAGCA	17-AATCAGCA	6.712583	-28.942437	0	T:877.0(15.02%),B:5085.0(11.85%),P:1e-12	Tpos:99.9,Tstd:56.7,Bpos:99.5,Bstd:57.1,StrandBias:0.2,Multiplicity:1.06
0.788	0.051	0.114	0.047
0.875	0.080	0.044	0.001
0.089	0.001	0.001	0.909
0.089	0.812	0.040	0.059
0.962	0.001	0.001	0.036
0.040	0.049	0.910	0.001
0.036	0.801	0.137	0.026
0.940	0.058	0.001	0.001
>TGTGGTCA	18-TGTGGTCA	8.937452	-28.003745	0	T:247.0(4.23%),B:1122.5(2.62%),P:1e-12	Tpos:105.9,Tstd:57.5,Bpos:99.3,Bstd:57.3,StrandBias:-0.1,Multiplicity:1.03
0.001	0.061	0.001	0.937
0.001	0.001	0.802	0.196
0.001	0.001	0.001	0.997
0.001	0.001	0.997	0.001
0.001	0.001	0.997	0.001
0.001	0.001	0.001	0.997
0.001	0.997	0.001	0.001
0.642	0.001	0.157	0.200
>TTACAAAA	19-TTACAAAA	6.302803	-24.231692	0	T:435.0(7.45%),B:2318.4(5.40%),P:1e-10	Tpos:103.7,Tstd:57.8,Bpos:101.2,Bstd:59.0,StrandBias:0.3,Multiplicity:1.03
0.001	0.001	0.001	0.997
0.005	0.017	0.001	0.977
0.997	0.001	0.001	0.001
0.007	0.991	0.001	0.001
0.855	0.143	0.001	0.001
0.990	0.001	0.001	0.008
0.783	0.193	0.023	0.001
0.630	0.008	0.053	0.309
>CGAGCGGG	20-CGAGCGGG	5.887840	-18.716412	0	T:196.0(3.36%),B:937.1(2.18%),P:1e-8	Tpos:101.3,Tstd:57.5,Bpos:95.5,Bstd:61.5,StrandBias:-0.3,Multiplicity:1.12
0.001	0.823	0.001	0.175
0.024	0.001	0.840	0.135
0.960	0.001	0.038	0.001
0.001	0.001	0.997	0.001
0.001	0.997	0.001	0.001
0.001	0.001	0.997	0.001
0.001	0.001	0.997	0.001
0.001	0.001	0.997	0.001
>TTTCGATT	21-TTTCGATT	8.893639	-17.616229	0	T:53.0(0.91%),B:164.6(0.38%),P:1e-7	Tpos:89.0,Tstd:58.4,Bpos:96.6,Bstd:59.4,StrandBias:-0.2,Multiplicity:1.00
0.001	0.001	0.001	0.997
0.001	0.001	0.001	0.997
0.147	0.001	0.001	0.851
0.001	0.997	0.001	0.001
0.001	0.001	0.997	0.001
0.770	0.001	0.228	0.001
0.001	0.001	0.001	0.997
0.001	0.001	0.001	0.997
>CGGACCAA	22-CGGACCAA	8.236954	-13.844279	0	T:21.0(0.36%),B:43.7(0.10%),P:1e-6	Tpos:97.8,Tstd:44.7,Bpos:84.6,Bstd:67.9,StrandBias:-0.3,Multiplicity:1.00
0.100	0.700	0.100	0.100
0.100	0.100	0.700	0.100
0.100	0.100	0.700	0.100
0.700	0.100	0.100	0.100
0.100	0.700	0.100	0.100
0.100	0.700	0.100	0.100
0.700	0.100	0.100	0.100
0.700	0.100	0.100	0.100
>GYGKCAAT	23-GYGKCAAT	6.647111	-13.070143	0	T:52.0(0.89%),B:186.3(0.43%),P:1e-5	Tpos:88.0,Tstd:55.8,Bpos:93.0,Bstd:60.6,StrandBias:-0.5,Multiplicity:1.02
0.001	0.001	0.821	0.177
0.001	0.530	0.001	0.468
0.001	0.001	0.997	0.001
0.190	0.001	0.444	0.366
0.229	0.769	0.001	0.001
0.444	0.152	0.288	0.116
0.456	0.104	0.152	0.288
0.190	0.288	0.078	0.444
>ACGCTGGT	24-ACGCTGGT	8.236954	-11.344522	0	T:23.0(0.39%),B:59.9(0.14%),P:1e-4	Tpos:56.7,Tstd:51.2,Bpos:96.2,Bstd:62.2,StrandBias:-0.1,Multiplicity:1.00
0.700	0.100	0.100	0.100
0.100	0.700	0.100	0.100
0.100	0.100	0.700	0.100
0.100	0.700	0.100	0.100
0.100	0.100	0.100	0.700
0.100	0.100	0.700	0.100
0.100	0.100	0.700	0.100
0.100	0.100	0.100	0.700
>GTTGAAAT	25-GTTGAAAT	8.236954	-9.030474	0	T:46.0(0.79%),B:185.2(0.43%),P:1e-3	Tpos:96.4,Tstd:56.8,Bpos:95.8,Bstd:54.5,StrandBias:0.1,Multiplicity:1.00
0.100	0.100	0.700	0.100
0.100	0.100	0.100	0.700
0.100	0.100	0.100	0.700
0.100	0.100	0.700	0.100
0.700	0.100	0.100	0.100
0.700	0.100	0.100	0.100
0.700	0.100	0.100	0.100
0.100	0.100	0.100	0.700
