>ACTTCCTYYT	1-ACTTCCTYYT	7.713065	-2370.055917	0	T:2797.0(47.89%),B:4961.1(11.56%),P:1e-1029	Tpos:102.8,Tstd:32.6,Bpos:100.0,Bstd:65.0,StrandBias:-0.0,Multiplicity:1.20
0.806	0.001	0.110	0.083
0.001	0.744	0.238	0.017
0.001	0.001	0.001	0.997
0.001	0.001	0.001	0.997
0.001	0.997	0.001	0.001
0.001	0.997	0.001	0.001
0.001	0.284	0.001	0.714
0.031	0.432	0.215	0.322
0.221	0.285	0.087	0.407
0.200	0.251	0.097	0.453
>CACTTCCCGT	2-CACTTCCCGT	5.109967	-1352.425487	0	T:3174.0(54.35%),B:9818.7(22.88%),P:1e-587	Tpos:101.2,Tstd:46.6,Bpos:100.9,Bstd:63.4,StrandBias:0.1,Multiplicity:1.17
0.090	0.705	0.114	0.091
0.736	0.082	0.102	0.080
0.080	0.689	0.128	0.103
0.107	0.081	0.096	0.716
0.074	0.078	0.092	0.756
0.087	0.734	0.081	0.098
0.095	0.709	0.086	0.110
0.071	0.667	0.114	0.148
0.100	0.151	0.622	0.127
0.125	0.106	0.104	0.665
>RAHVVGGAAS	3-RAHVVGGAAS	5.784375	-1307.742905	0	T:2781.0(47.62%),B:7839.3(18.27%),P:1e-567	Tpos:101.6,Tstd:42.4,Bpos:100.2,Bstd:66.0,StrandBias:0.1,Multiplicity:1.23
0.415	0.151	0.267	0.167
0.463	0.160	0.174	0.204
0.330	0.194	0.160	0.316
0.257	0.224	0.336	0.182
0.311	0.286	0.286	0.117
0.298	0.054	0.647	0.001
0.173	0.013	0.795	0.019
0.967	0.001	0.031	0.001
0.814	0.082	0.022	0.082
0.184	0.335	0.373	0.108
>DKTTCCTSHT	4-DKTTCCTSHT	6.865912	-179.004760	0	T:889.0(15.22%),B:3372.4(7.86%),P:1e-77	Tpos:98.9,Tstd:52.8,Bpos:97.5,Bstd:61.8,StrandBias:0.3,Multiplicity:1.05
0.292	0.001	0.398	0.309
0.218	0.001	0.413	0.368
0.001	0.001	0.001	0.997
0.003	0.128	0.289	0.580
0.254	0.744	0.001	0.001
0.058	0.692	0.001	0.249
0.138	0.307	0.001	0.554
0.001	0.448	0.368	0.184
0.320	0.283	0.131	0.266
0.267	0.001	0.001	0.731
>STTCCTCAAA	5-STTCCTCAAA	8.955966	-147.068883	0	T:324.0(5.55%),B:795.9(1.85%),P:1e-63	Tpos:91.9,Tstd:40.2,Bpos:95.6,Bstd:60.9,StrandBias:-0.0,Multiplicity:1.01
0.082	0.411	0.415	0.092
0.009	0.005	0.001	0.985
0.001	0.001	0.020	0.978
0.001	0.997	0.001	0.001
0.019	0.835	0.049	0.097
0.001	0.261	0.031	0.707
0.118	0.434	0.213	0.235
0.887	0.001	0.055	0.057
0.898	0.092	0.009	0.001
0.896	0.095	0.008	0.001
>GGTTCCTCCC	6-GGTTCCTCCC	7.582460	-127.218905	0	T:554.0(9.49%),B:1969.4(4.59%),P:1e-55	Tpos:100.7,Tstd:47.8,Bpos:98.7,Bstd:64.2,StrandBias:-0.0,Multiplicity:1.06
0.115	0.057	0.746	0.082
0.046	0.136	0.733	0.085
0.038	0.115	0.064	0.783
0.056	0.060	0.044	0.840
0.037	0.826	0.111	0.026
0.056	0.860	0.054	0.030
0.022	0.085	0.115	0.778
0.166	0.693	0.048	0.093
0.074	0.823	0.059	0.044
0.048	0.924	0.010	0.018
>NNATGASTCA	7-NNATGASTCA	6.115839	-118.058735	0	T:518.0(8.87%),B:1845.3(4.30%),P:1e-51	Tpos:102.4,Tstd:51.5,Bpos:100.7,Bstd:58.1,StrandBias:0.1,Multiplicity:1.05
0.267	0.252	0.223	0.257
0.233	0.223	0.300	0.244
0.391	0.187	0.231	0.191
0.063	0.001	0.002	0.934
0.004	0.011	0.669	0.316
0.649	0.001	0.173	0.177
0.138	0.316	0.422	0.124
0.009	0.135	0.246	0.610
0.241	0.627	0.039	0.093
0.699	0.024	0.122	0.155
>CCMCCTRGTG	8-CCMCCTRGTG	9.352944	-112.496214	0	T:253.0(4.33%),B:629.3(1.47%),P:1e-48	Tpos:104.7,Tstd:40.3,Bpos:100.0,Bstd:56.6,StrandBias:-0.1,Multiplicity:1.03
0.076	0.795	0.128	0.001
0.145	0.853	0.001	0.001
0.374	0.439	0.136	0.051
0.001	0.596	0.001	0.402
0.001	0.997	0.001	0.001
0.001	0.001	0.001	0.997
0.439	0.001	0.402	0.158
0.001	0.294	0.704	0.001
0.001	0.077	0.001	0.921
0.001	0.001	0.997	0.001
>GTTGCGYAAT	9-GTTGCGYAAT	6.583015	-110.075043	0	T:659.0(11.28%),B:2654.5(6.19%),P:1e-47	Tpos:98.8,Tstd:52.7,Bpos:98.7,Bstd:58.3,StrandBias:0.0,Multiplicity:1.07
0.143	0.316	0.524	0.017
0.001	0.001	0.001	0.997
0.001	0.001	0.029	0.969
0.158	0.085	0.525	0.232
0.094	0.487	0.189	0.230
0.235	0.001	0.681	0.083
0.153	0.345	0.052	0.450
0.724	0.241	0.034	0.001
0.997	0.001	0.001	0.001
0.001	0.148	0.145	0.706
>GTTGCAACAB	10-GTTGCAACAB	6.482930	-58.343268	0	T:437.0(7.48%),B:1885.8(4.39%),P:1e-25	Tpos:97.2,Tstd:56.8,Bpos:99.4,Bstd:57.6,StrandBias:-0.1,Multiplicity:1.03
0.185	0.120	0.603	0.092
0.001	0.012	0.011	0.976
0.062	0.026	0.156	0.756
0.231	0.025	0.649	0.095
0.027	0.815	0.040	0.118
0.718	0.131	0.086	0.065
0.822	0.007	0.012	0.159
0.053	0.532	0.060	0.355
0.663	0.105	0.178	0.054
0.042	0.348	0.363	0.247
>TAGRTGKCGC	11-TAGRTGKCGC	7.256065	-47.367552	0	T:70.0(1.20%),B:129.7(0.30%),P:1e-20	Tpos:95.8,Tstd:53.4,Bpos:102.3,Bstd:53.6,StrandBias:0.2,Multiplicity:1.02
0.264	0.017	0.043	0.676
0.622	0.012	0.158	0.208
0.249	0.187	0.560	0.004
0.450	0.006	0.523	0.021
0.182	0.249	0.013	0.556
0.209	0.291	0.492	0.008
0.025	0.256	0.428	0.292
0.022	0.604	0.373	0.001
0.001	0.014	0.963	0.022
0.156	0.464	0.251	0.129
>GAAACCACCG	12-GAAACCACCG	6.875074	-44.093187	0	T:454.0(7.77%),B:2142.0(4.99%),P:1e-19	Tpos:103.6,Tstd:57.8,Bpos:102.8,Bstd:57.9,StrandBias:-0.3,Multiplicity:1.03
0.081	0.121	0.741	0.057
0.826	0.058	0.044	0.072
0.851	0.058	0.045	0.046
0.808	0.069	0.042	0.081
0.061	0.803	0.051	0.085
0.088	0.836	0.044	0.032
0.840	0.072	0.033	0.055
0.045	0.822	0.075	0.058
0.121	0.707	0.109	0.063
0.083	0.087	0.771	0.059
>TKGAGGAAGC	13-TKGAGGAAGC	9.939832	-39.373469	0	T:138.0(2.36%),B:446.8(1.04%),P:1e-17	Tpos:97.2,Tstd:44.8,Bpos:99.0,Bstd:58.2,StrandBias:-0.1,Multiplicity:1.00
0.001	0.387	0.039	0.573
0.191	0.001	0.387	0.422
0.144	0.130	0.725	0.001
0.997	0.001	0.001	0.001
0.001	0.001	0.997	0.001
0.001	0.001	0.997	0.001
0.997	0.001	0.001	0.001
0.978	0.001	0.020	0.001
0.001	0.001	0.997	0.001
0.077	0.873	0.049	0.001
>AATCATGTGA	14-AATCATGTGA	10.822545	-38.340021	0	T:58.0(0.99%),B:110.7(0.26%),P:1e-16	Tpos:89.7,Tstd:56.9,Bpos:94.3,Bstd:59.1,StrandBias:0.6,Multiplicity:1.00
0.691	0.179	0.008	0.122
0.997	0.001	0.001	0.001
0.029	0.001	0.132	0.838
0.001	0.944	0.045	0.010
0.884	0.114	0.001	0.001
0.008	0.008	0.023	0.961
0.001	0.001	0.997	0.001
0.185	0.001	0.001	0.813
0.007	0.001	0.991	0.001
0.997	0.001	0.001	0.001
>GACGTCATTC	15-GACGTCATTC	7.072310	-34.813021	0	T:169.0(2.89%),B:630.3(1.47%),P:1e-15	Tpos:95.8,Tstd:52.8,Bpos:96.4,Bstd:55.7,StrandBias:0.2,Multiplicity:1.03
0.095	0.061	0.782	0.062
0.808	0.057	0.062	0.073
0.032	0.817	0.087	0.064
0.104	0.041	0.812	0.043
0.032	0.050	0.052	0.866
0.051	0.782	0.099	0.068
0.865	0.050	0.047	0.038
0.061	0.096	0.082	0.761
0.077	0.107	0.083	0.733
0.056	0.777	0.069	0.098
>CACGTGACGT	16-CACGTGACGT	8.172859	-24.547023	0	T:92.0(1.58%),B:311.2(0.73%),P:1e-10	Tpos:107.4,Tstd:50.8,Bpos:95.1,Bstd:56.9,StrandBias:-0.2,Multiplicity:1.09
0.038	0.908	0.053	0.001
0.708	0.200	0.024	0.068
0.049	0.703	0.001	0.247
0.015	0.001	0.983	0.001
0.022	0.067	0.001	0.910
0.045	0.106	0.848	0.001
0.731	0.039	0.001	0.229
0.012	0.786	0.001	0.201
0.057	0.087	0.775	0.081
0.032	0.057	0.255	0.656
>CCTCGAAGMC	17-CCTCGAAGMC	11.749242	-23.109988	0	T:36.0(0.62%),B:72.6(0.17%),P:1e-10	Tpos:103.0,Tstd:43.2,Bpos:92.3,Bstd:51.9,StrandBias:0.1,Multiplicity:1.00
0.001	0.997	0.001	0.001
0.001	0.997	0.001	0.001
0.001	0.001	0.001	0.997
0.001	0.997	0.001	0.001
0.293	0.001	0.705	0.001
0.997	0.001	0.001	0.001
0.805	0.001	0.193	0.001
0.001	0.001	0.997	0.001
0.475	0.523	0.001	0.001
0.001	0.997	0.001	0.001
>GGAAAGGGAA	18-GGAAAGGGAA	12.046141	-21.174036	0	T:73.0(1.25%),B:239.9(0.56%),P:1e-9	Tpos:83.3,Tstd:49.3,Bpos:103.7,Bstd:64.1,StrandBias:-1.8,Multiplicity:1.88
0.001	0.001	0.997	0.001
0.001	0.001	0.997	0.001
0.997	0.001	0.001	0.001
0.997	0.001	0.001	0.001
0.831	0.001	0.167	0.001
0.001	0.001	0.997	0.001
0.001	0.001	0.997	0.001
0.001	0.001	0.997	0.001
0.997	0.001	0.001	0.001
0.997	0.001	0.001	0.001
>CATYAATCAC	19-CATYAATCAC	9.971739	-20.272597	0	T:39.0(0.67%),B:92.6(0.22%),P:1e-8	Tpos:101.8,Tstd:52.5,Bpos:101.9,Bstd:54.8,StrandBias:-0.6,Multiplicity:1.00
0.001	0.700	0.113	0.186
0.901	0.001	0.097	0.001
0.001	0.410	0.001	0.588
0.113	0.466	0.049	0.372
0.837	0.049	0.113	0.001
0.758	0.001	0.049	0.192
0.001	0.001	0.001	0.997
0.001	0.997	0.001	0.001
0.997	0.001	0.001	0.001
0.112	0.886	0.001	0.001
>TGGTATCCAC	20-TGGTATCCAC	10.978404	-19.114063	0	T:15.0(0.26%),B:15.6(0.04%),P:1e-8	Tpos:104.1,Tstd:68.5,Bpos:83.1,Bstd:49.1,StrandBias:0.2,Multiplicity:1.00
0.001	0.001	0.001	0.997
0.001	0.001	0.997	0.001
0.001	0.001	0.997	0.001
0.001	0.001	0.001	0.997
0.997	0.001	0.001	0.001
0.001	0.001	0.001	0.997
0.001	0.997	0.001	0.001
0.001	0.926	0.001	0.072
0.997	0.001	0.001	0.001
0.001	0.795	0.001	0.203
>GTGATAGGGC	21-GTGATAGGGC	10.272172	-18.664597	0	T:6.0(0.10%),B:1.2(0.00%),P:1e-8	Tpos:92.5,Tstd:69.0,Bpos:46.3,Bstd:7.0,StrandBias:0.0,Multiplicity:1.00
0.092	0.138	0.668	0.102
0.071	0.188	0.109	0.632
0.114	0.135	0.646	0.105
0.695	0.103	0.102	0.100
0.056	0.063	0.047	0.834
0.741	0.152	0.044	0.063
0.088	0.132	0.693	0.087
0.071	0.195	0.685	0.049
0.094	0.141	0.685	0.080
0.090	0.724	0.084	0.102
>TAGGGGAATC	22-TAGGGGAATC	11.655535	-16.458395	0	T:10.0(0.17%),B:7.9(0.02%),P:1e-7	Tpos:106.2,Tstd:63.3,Bpos:100.1,Bstd:49.1,StrandBias:-0.6,Multiplicity:1.00
0.001	0.001	0.001	0.997
0.997	0.001	0.001	0.001
0.001	0.001	0.997	0.001
0.001	0.001	0.997	0.001
0.001	0.113	0.885	0.001
0.001	0.001	0.997	0.001
0.997	0.001	0.001	0.001
0.997	0.001	0.001	0.001
0.001	0.001	0.001	0.997
0.001	0.997	0.001	0.001
>TGAAATATGG	23-TGAAATATGG	11.755794	-15.990719	0	T:19.0(0.33%),B:32.0(0.07%),P:1e-6	Tpos:94.0,Tstd:62.7,Bpos:103.2,Bstd:57.4,StrandBias:-0.9,Multiplicity:1.05
0.184	0.001	0.001	0.814
0.153	0.001	0.845	0.001
0.997	0.001	0.001	0.001
0.997	0.001	0.001	0.001
0.997	0.001	0.001	0.001
0.001	0.001	0.001	0.997
0.997	0.001	0.001	0.001
0.001	0.001	0.001	0.997
0.001	0.001	0.997	0.001
0.001	0.001	0.997	0.001
>TATGTTACCC	24-TATGTTACCC	11.723937	-12.951983	0	T:8.0(0.14%),B:6.7(0.02%),P:1e-5	Tpos:88.8,Tstd:54.0,Bpos:72.7,Bstd:45.2,StrandBias:0.0,Multiplicity:1.00
0.001	0.001	0.001	0.997
0.997	0.001	0.001	0.001
0.001	0.001	0.001	0.997
0.001	0.121	0.877	0.001
0.001	0.001	0.001	0.997
0.001	0.001	0.001	0.997
0.997	0.001	0.001	0.001
0.001	0.997	0.001	0.001
0.001	0.997	0.001	0.001
0.001	0.997	0.001	0.001
>GGGGATTATA	25-GGGGATTATA	10.296193	-12.304841	0	T:6.0(0.10%),B:3.3(0.01%),P:1e-5	Tpos:76.2,Tstd:47.1,Bpos:125.1,Bstd:32.4,StrandBias:2.3,Multiplicity:1.00
0.100	0.100	0.700	0.100
0.100	0.100	0.700	0.100
0.100	0.100	0.700	0.100
0.100	0.100	0.700	0.100
0.700	0.100	0.100	0.100
0.100	0.100	0.100	0.700
0.100	0.100	0.100	0.700
0.700	0.100	0.100	0.100
0.100	0.100	0.100	0.700
0.700	0.100	0.100	0.100
