>CAGTTCCCYAAA	4-CAGTTCCCYAAA	8.399488	-297.999035	0	T:598.0(10.24%),B:1391.9(3.24%),P:1e-129
0.089	0.733	0.177	0.001
0.829	0.001	0.014	0.156
0.001	0.316	0.598	0.085
0.044	0.009	0.001	0.946
0.001	0.001	0.015	0.983
0.075	0.818	0.013	0.094
0.004	0.771	0.001	0.224
0.061	0.583	0.001	0.355
0.212	0.357	0.001	0.430
0.796	0.035	0.077	0.092
0.632	0.176	0.191	0.001
0.634	0.073	0.124	0.169
