>GAAAAAGGGAAG	18-GAAAAAGGGAAG	10.878689	-32.296298	0	T:40.0(0.68%),B:64.9(0.15%),P:1e-14
0.054	0.047	0.646	0.253
0.850	0.046	0.053	0.051
0.646	0.088	0.159	0.107
0.757	0.038	0.163	0.042
0.514	0.148	0.211	0.127
0.708	0.029	0.036	0.227
0.220	0.026	0.724	0.030
0.224	0.016	0.585	0.175
0.040	0.028	0.785	0.147
0.671	0.112	0.175	0.042
0.872	0.023	0.060	0.045
0.114	0.181	0.673	0.032
