>NGACAGGAACTG	5-NGACAGGAACTG	8.583752	-255.577527	0	T:555.0(9.50%),B:1360.2(3.17%),P:1e-110
0.249	0.231	0.208	0.313
0.067	0.225	0.548	0.160
0.690	0.138	0.150	0.022
0.114	0.813	0.043	0.030
0.944	0.001	0.001	0.054
0.033	0.001	0.954	0.012
0.102	0.049	0.834	0.015
0.892	0.057	0.045	0.006
0.793	0.044	0.079	0.084
0.022	0.776	0.196	0.006
0.178	0.006	0.050	0.766
0.007	0.042	0.886	0.065
