>NNNHTTCCTCMN	11-NNNHTTCCTCMN	6.430858	-102.256165	0	T:149.0(2.55%),B:266.1(0.62%),P:1e-44
0.192	0.213	0.298	0.297
0.200	0.261	0.280	0.259
0.315	0.256	0.218	0.211
0.267	0.314	0.163	0.256
0.180	0.020	0.299	0.501
0.147	0.001	0.022	0.830
0.300	0.562	0.011	0.127
0.144	0.502	0.233	0.121
0.001	0.029	0.102	0.868
0.091	0.535	0.364	0.010
0.303	0.388	0.134	0.174
0.190	0.280	0.241	0.289
