>TGACATCATTYK	17-TGACATCATTYK	8.421192	-33.400309	0	T:81.0(1.39%),B:216.9(0.51%),P:1e-14
0.100	0.001	0.045	0.854
0.086	0.176	0.636	0.102
0.796	0.088	0.058	0.058
0.118	0.668	0.113	0.101
0.605	0.143	0.092	0.160
0.143	0.092	0.095	0.670
0.166	0.690	0.137	0.007
0.708	0.133	0.058	0.101
0.008	0.136	0.065	0.791
0.119	0.160	0.172	0.549
0.144	0.380	0.188	0.288
0.227	0.139	0.389	0.245
