>GGCAGAGGAACT	23-GGCAGAGGAACT	12.555598	-10.694262	0	T:6.0(0.10%),B:4.4(0.01%),P:1e-4
0.092	0.055	0.778	0.075
0.001	0.083	0.669	0.247
0.082	0.808	0.027	0.083
0.827	0.001	0.001	0.171
0.001	0.054	0.944	0.001
0.561	0.001	0.411	0.027
0.028	0.001	0.943	0.028
0.138	0.056	0.750	0.056
0.824	0.001	0.174	0.001
0.863	0.027	0.001	0.109
0.056	0.861	0.001	0.082
0.212	0.027	0.027	0.734
