>CTTCCTCMWYTC	7-CTTCCTCMWYTC	8.577249	-178.314941	0	T:278.0(4.76%),B:525.1(1.22%),P:1e-77
0.107	0.679	0.114	0.100
0.253	0.088	0.102	0.557
0.082	0.104	0.088	0.726
0.063	0.732	0.082	0.123
0.119	0.768	0.003	0.110
0.060	0.346	0.024	0.570
0.087	0.695	0.085	0.133
0.398	0.338	0.031	0.233
0.275	0.055	0.257	0.412
0.045	0.419	0.240	0.297
0.348	0.086	0.059	0.507
0.068	0.503	0.082	0.347
