>CACTTCCCCTTY	2-CACTTCCCCTTY	8.462684	-1592.235807	0	T:2689.0(30.11%),B:3357.4(9.05%),P:1e-691
0.037	0.640	0.067	0.256
0.581	0.204	0.040	0.175
0.014	0.688	0.067	0.231
0.010	0.022	0.004	0.964
0.012	0.013	0.115	0.860
0.001	0.784	0.005	0.210
0.004	0.743	0.002	0.251
0.024	0.544	0.039	0.393
0.106	0.582	0.058	0.254
0.189	0.298	0.046	0.467
0.070	0.273	0.067	0.590
0.093	0.386	0.060	0.460
