>GGYCTGGCWAAT	1-GGYCTGGCWAAT,BestGuess:PAX3:FKHR-fusion(Paired,Homeobox)/Rh4-PAX3:FKHR-ChIP-Seq(GSE19063)/Homer(0.694)	11.936863	-2178.080652	0	T:570.0(6.38%),B:20.8(0.06%),P:1e-945
0.076	0.001	0.881	0.042
0.029	0.111	0.841	0.019
0.009	0.563	0.001	0.427
0.009	0.962	0.028	0.001
0.029	0.010	0.010	0.951
0.067	0.001	0.904	0.028
0.263	0.029	0.698	0.010
0.019	0.924	0.019	0.038
0.431	0.028	0.001	0.540
0.980	0.018	0.001	0.001
0.933	0.029	0.019	0.019
0.019	0.010	0.010	0.961
