>ACAGCACAGMMM	25-ACAGCACAGMMM	10.948154	-21.378111	0	T:22.0(0.25%),B:17.2(0.05%),P:1e-9
0.743	0.076	0.098	0.083
0.154	0.671	0.093	0.082
0.719	0.047	0.118	0.116
0.160	0.063	0.610	0.167
0.085	0.740	0.089	0.086
0.686	0.106	0.098	0.110
0.075	0.732	0.118	0.075
0.626	0.073	0.139	0.162
0.084	0.096	0.747	0.073
0.494	0.401	0.063	0.042
0.516	0.398	0.045	0.041
0.485	0.431	0.037	0.046
