>WCAAGGAGATAC	3-GTATCTCCTTGW	10.402102	-1252.659133	0	T:465.0(5.21%),B:52.0(0.14%),P:1e-544
0.493	0.021	0.051	0.435
0.139	0.763	0.030	0.068
0.871	0.046	0.031	0.052
0.493	0.004	0.212	0.291
0.101	0.025	0.694	0.180
0.164	0.046	0.649	0.141
0.660	0.020	0.288	0.032
0.044	0.083	0.802	0.071
0.820	0.048	0.017	0.115
0.384	0.040	0.016	0.560
0.711	0.115	0.170	0.004
0.044	0.600	0.027	0.329
