>TATGATMTGAAA	20-TATGATMTGAAA	9.033155	-634.110503	0	T:368.0(4.12%),B:111.1(0.30%),P:1e-275
0.121	0.020	0.234	0.625
0.606	0.133	0.037	0.224
0.046	0.005	0.267	0.682
0.027	0.230	0.670	0.073
0.810	0.034	0.026	0.130
0.049	0.287	0.028	0.636
0.441	0.378	0.090	0.091
0.041	0.011	0.280	0.668
0.022	0.035	0.696	0.247
0.517	0.253	0.203	0.027
0.565	0.055	0.019	0.361
0.809	0.031	0.038	0.122
