>CCYWAAAATTCC	19-CCYWAAAATTCC	10.266193	-635.015902	0	T:218.0(2.44%),B:19.5(0.05%),P:1e-275
0.045	0.571	0.344	0.040
0.083	0.794	0.001	0.122
0.080	0.428	0.003	0.490
0.486	0.077	0.001	0.435
0.803	0.001	0.090	0.106
0.899	0.072	0.016	0.013
0.860	0.029	0.077	0.034
0.727	0.021	0.176	0.076
0.300	0.185	0.062	0.453
0.207	0.222	0.005	0.566
0.042	0.542	0.035	0.381
0.086	0.528	0.133	0.253
