>ACTTCCTCTT	1-ACTTCCTCTT	7.293699	-64456.514560	0	T:54670.0(61.10%),B:9473.0(11.11%),P:1e-27992	Tpos:99.5,Tstd:35.1,Bpos:99.6,Bstd:68.3,StrandBias:-0.1,Multiplicity:1.34
0.858	0.041	0.058	0.043
0.001	0.808	0.163	0.028
0.002	0.001	0.001	0.996
0.001	0.001	0.001	0.997
0.001	0.986	0.001	0.012
0.001	0.933	0.001	0.065
0.017	0.317	0.075	0.591
0.034	0.653	0.167	0.146
0.258	0.178	0.032	0.532
0.124	0.178	0.056	0.642
>GMGGAAGTVV	2-GMGGAAGTVV	6.160940	-50848.496078	0	T:75733.0(84.64%),B:28250.0(33.12%),P:1e-22083	Tpos:99.7,Tstd:46.6,Bpos:99.9,Bstd:64.6,StrandBias:0.0,Multiplicity:1.29
0.239	0.168	0.514	0.079
0.430	0.307	0.262	0.001
0.127	0.001	0.871	0.001
0.001	0.001	0.997	0.001
0.997	0.001	0.001	0.001
0.997	0.001	0.001	0.001
0.100	0.306	0.593	0.001
0.099	0.308	0.001	0.592
0.238	0.234	0.360	0.168
0.277	0.240	0.353	0.130
>ACTTCCSCWT	3-ACTTCCSCWT	6.615010	-27822.500253	0	T:30912.0(34.55%),B:6192.0(7.26%),P:1e-12083	Tpos:100.2,Tstd:47.5,Bpos:99.2,Bstd:61.0,StrandBias:-0.1,Multiplicity:1.04
0.698	0.064	0.146	0.092
0.012	0.577	0.145	0.266
0.114	0.008	0.115	0.763
0.117	0.001	0.143	0.739
0.009	0.834	0.028	0.129
0.044	0.564	0.151	0.241
0.162	0.344	0.330	0.164
0.107	0.447	0.259	0.188
0.368	0.061	0.117	0.454
0.028	0.013	0.026	0.933
>GGAAGCGGAA	4-GGAAGCGGAA	6.877267	-16145.777568	0	T:33467.0(37.40%),B:11446.5(13.42%),P:1e-7011	Tpos:99.6,Tstd:46.3,Bpos:100.3,Bstd:73.5,StrandBias:0.1,Multiplicity:1.43
0.181	0.058	0.718	0.043
0.262	0.048	0.643	0.047
0.856	0.053	0.054	0.037
0.778	0.041	0.100	0.081
0.150	0.165	0.655	0.030
0.200	0.425	0.120	0.254
0.140	0.048	0.767	0.045
0.198	0.062	0.688	0.052
0.697	0.114	0.119	0.070
0.773	0.058	0.091	0.078
>GTTCCCGTTT	5-GTTCCCGTTT	9.111077	-6797.494871	0	T:6223.0(6.95%),B:871.1(1.02%),P:1e-2952	Tpos:99.2,Tstd:41.3,Bpos:100.2,Bstd:63.1,StrandBias:-0.1,Multiplicity:1.02
0.011	0.265	0.604	0.120
0.010	0.010	0.010	0.970
0.008	0.012	0.026	0.954
0.029	0.784	0.025	0.162
0.077	0.846	0.011	0.066
0.030	0.635	0.058	0.277
0.047	0.099	0.647	0.207
0.070	0.063	0.059	0.808
0.036	0.016	0.071	0.877
0.052	0.033	0.039	0.876
>TGASTCATCV	6-TGASTCATCV	7.296989	-2684.075541	0	T:8840.0(9.88%),B:3552.0(4.16%),P:1e-1165	Tpos:99.1,Tstd:51.2,Bpos:97.8,Bstd:59.5,StrandBias:-0.0,Multiplicity:1.07
0.019	0.040	0.004	0.937
0.008	0.001	0.742	0.249
0.830	0.056	0.021	0.093
0.070	0.465	0.456	0.010
0.038	0.001	0.065	0.896
0.251	0.707	0.019	0.023
0.962	0.009	0.025	0.004
0.080	0.249	0.203	0.467
0.230	0.444	0.171	0.155
0.348	0.298	0.232	0.122
>KATTGCGCAA	7-KATTGCGCAA	6.252930	-2360.597625	0	T:8818.0(9.85%),B:3765.1(4.41%),P:1e-1025	Tpos:99.5,Tstd:51.2,Bpos:101.5,Bstd:58.8,StrandBias:-0.0,Multiplicity:1.11
0.200	0.198	0.250	0.352
0.589	0.122	0.256	0.033
0.076	0.071	0.006	0.847
0.001	0.002	0.041	0.956
0.282	0.012	0.617	0.089
0.068	0.736	0.044	0.152
0.199	0.108	0.578	0.115
0.100	0.579	0.073	0.248
0.874	0.122	0.001	0.003
0.910	0.002	0.081	0.007
>CACYAGRGGG	8-CACYAGRGGG	8.710055	-2102.377565	0	T:4290.0(4.79%),B:1275.7(1.50%),P:1e-913	Tpos:100.5,Tstd:45.2,Bpos:99.4,Bstd:58.6,StrandBias:-0.1,Multiplicity:1.03
0.014	0.964	0.017	0.005
0.799	0.042	0.135	0.024
0.038	0.733	0.228	0.001
0.105	0.428	0.019	0.448
0.975	0.005	0.008	0.012
0.015	0.008	0.960	0.017
0.423	0.027	0.535	0.015
0.015	0.035	0.679	0.271
0.008	0.030	0.959	0.003
0.016	0.014	0.948	0.022
>TKACGTCATM	9-TKACGTCATM	5.742386	-1413.401589	0	T:16498.0(18.44%),B:10450.7(12.25%),P:1e-613	Tpos:99.7,Tstd:54.5,Bpos:99.5,Bstd:58.6,StrandBias:0.0,Multiplicity:1.12
0.034	0.005	0.001	0.960
0.020	0.139	0.433	0.409
0.506	0.031	0.162	0.301
0.003	0.568	0.101	0.328
0.264	0.079	0.637	0.020
0.320	0.028	0.001	0.651
0.316	0.482	0.126	0.076
0.990	0.001	0.007	0.002
0.025	0.332	0.150	0.493
0.280	0.364	0.147	0.209
>GGGCGGRGYY	10-GGGCGGRGYY	8.309010	-953.153854	0	T:5539.0(6.19%),B:2803.8(3.29%),P:1e-413	Tpos:100.1,Tstd:53.5,Bpos:92.1,Bstd:57.4,StrandBias:-0.0,Multiplicity:1.22
0.227	0.001	0.767	0.005
0.001	0.001	0.997	0.001
0.001	0.001	0.995	0.003
0.077	0.622	0.001	0.300
0.025	0.013	0.935	0.027
0.066	0.001	0.555	0.378
0.379	0.030	0.522	0.069
0.226	0.061	0.533	0.180
0.034	0.540	0.001	0.425
0.042	0.428	0.089	0.441
>GTCACATGAC	11-GTCACATGAC	7.347825	-823.907674	0	T:5330.0(5.96%),B:2797.6(3.28%),P:1e-357	Tpos:98.5,Tstd:53.7,Bpos:99.1,Bstd:57.8,StrandBias:0.0,Multiplicity:1.04
0.212	0.063	0.645	0.080
0.039	0.202	0.051	0.708
0.025	0.962	0.003	0.010
0.873	0.012	0.001	0.114
0.001	0.904	0.065	0.030
0.726	0.001	0.261	0.012
0.140	0.021	0.001	0.838
0.006	0.001	0.939	0.054
0.771	0.061	0.076	0.092
0.025	0.619	0.158	0.198
>CACGCGGTAT	12-CACGCGGTAT	10.296193	-652.526599	0	T:231.0(0.26%),B:5.3(0.01%),P:1e-283	Tpos:110.5,Tstd:39.6,Bpos:145.1,Bstd:67.0,StrandBias:0.4,Multiplicity:1.00
0.100	0.700	0.100	0.100
0.700	0.100	0.100	0.100
0.100	0.700	0.100	0.100
0.100	0.100	0.700	0.100
0.100	0.700	0.100	0.100
0.100	0.100	0.700	0.100
0.100	0.100	0.700	0.100
0.100	0.100	0.100	0.700
0.700	0.100	0.100	0.100
0.100	0.100	0.100	0.700
>CGACCTCTAC	13-CGACCTCTAC	10.296193	-639.732269	0	T:249.0(0.28%),B:7.6(0.01%),P:1e-277	Tpos:109.3,Tstd:48.1,Bpos:110.4,Bstd:45.0,StrandBias:0.3,Multiplicity:1.00
0.100	0.700	0.100	0.100
0.100	0.100	0.700	0.100
0.700	0.100	0.100	0.100
0.100	0.700	0.100	0.100
0.100	0.700	0.100	0.100
0.100	0.100	0.100	0.700
0.100	0.700	0.100	0.100
0.100	0.100	0.100	0.700
0.700	0.100	0.100	0.100
0.100	0.700	0.100	0.100
>AAGCCCGTGA	14-AAGCCCGTGA	10.296193	-481.479311	0	T:263.0(0.29%),B:17.0(0.02%),P:1e-209	Tpos:100.1,Tstd:46.1,Bpos:106.1,Bstd:63.9,StrandBias:0.4,Multiplicity:1.00
0.700	0.100	0.100	0.100
0.700	0.100	0.100	0.100
0.100	0.100	0.700	0.100
0.100	0.700	0.100	0.100
0.100	0.700	0.100	0.100
0.100	0.700	0.100	0.100
0.100	0.100	0.700	0.100
0.100	0.100	0.100	0.700
0.100	0.100	0.700	0.100
0.700	0.100	0.100	0.100
>CTGGCTAATA	15-CTGGCTAATA	10.296193	-454.631354	0	T:396.0(0.44%),B:51.4(0.06%),P:1e-197	Tpos:78.9,Tstd:56.7,Bpos:106.2,Bstd:54.4,StrandBias:-1.1,Multiplicity:1.00
0.100	0.700	0.100	0.100
0.100	0.100	0.100	0.700
0.100	0.100	0.700	0.100
0.100	0.100	0.700	0.100
0.100	0.700	0.100	0.100
0.100	0.100	0.100	0.700
0.700	0.100	0.100	0.100
0.700	0.100	0.100	0.100
0.100	0.100	0.100	0.700
0.700	0.100	0.100	0.100
>GGGAATTAAC	16-GGGAATTAAC	10.296193	-421.197128	0	T:251.0(0.28%),B:18.4(0.02%),P:1e-182	Tpos:106.7,Tstd:35.0,Bpos:104.7,Bstd:59.9,StrandBias:0.3,Multiplicity:1.00
0.100	0.100	0.700	0.100
0.100	0.100	0.700	0.100
0.100	0.100	0.700	0.100
0.700	0.100	0.100	0.100
0.700	0.100	0.100	0.100
0.100	0.100	0.100	0.700
0.100	0.100	0.100	0.700
0.700	0.100	0.100	0.100
0.700	0.100	0.100	0.100
0.100	0.700	0.100	0.100
>TGGATGTTAC	17-TGGATGTTAC	10.296193	-398.030640	0	T:242.0(0.27%),B:18.0(0.02%),P:1e-172	Tpos:106.4,Tstd:62.6,Bpos:97.3,Bstd:47.9,StrandBias:0.1,Multiplicity:1.00
0.100	0.100	0.100	0.700
0.100	0.100	0.700	0.100
0.100	0.100	0.700	0.100
0.700	0.100	0.100	0.100
0.100	0.100	0.100	0.700
0.100	0.100	0.700	0.100
0.100	0.100	0.100	0.700
0.100	0.100	0.100	0.700
0.700	0.100	0.100	0.100
0.100	0.700	0.100	0.100
>GGTCTGGCAA	18-GGTCTGGCAA	8.719906	-353.093171	0	T:262.0(0.29%),B:27.6(0.03%),P:1e-153	Tpos:108.2,Tstd:56.6,Bpos:104.7,Bstd:48.3,StrandBias:0.1,Multiplicity:1.00
0.001	0.001	0.997	0.001
0.001	0.001	0.997	0.001
0.001	0.001	0.001	0.997
0.001	0.997	0.001	0.001
0.001	0.006	0.001	0.992
0.001	0.001	0.997	0.001
0.001	0.001	0.997	0.001
0.001	0.997	0.001	0.001
0.997	0.001	0.001	0.001
0.997	0.001	0.001	0.001
>ATTTAAACCT	19-ATTTAAACCT	12.251157	-343.477849	0	T:362.0(0.40%),B:59.1(0.07%),P:1e-149	Tpos:94.1,Tstd:48.3,Bpos:114.7,Bstd:51.8,StrandBias:-0.3,Multiplicity:1.00
0.997	0.001	0.001	0.001
0.001	0.001	0.001	0.997
0.001	0.001	0.001	0.997
0.001	0.001	0.001	0.997
0.997	0.001	0.001	0.001
0.997	0.001	0.001	0.001
0.793	0.001	0.205	0.001
0.001	0.997	0.001	0.001
0.001	0.997	0.001	0.001
0.001	0.001	0.001	0.997
>CAAAGCTGCT	20-CAAAGCTGCT	10.296193	-264.732656	0	T:349.0(0.39%),B:72.4(0.08%),P:1e-114	Tpos:101.1,Tstd:39.7,Bpos:103.2,Bstd:65.0,StrandBias:0.2,Multiplicity:1.00
0.100	0.700	0.100	0.100
0.700	0.100	0.100	0.100
0.700	0.100	0.100	0.100
0.700	0.100	0.100	0.100
0.100	0.100	0.700	0.100
0.100	0.700	0.100	0.100
0.100	0.100	0.100	0.700
0.100	0.100	0.700	0.100
0.100	0.700	0.100	0.100
0.100	0.100	0.100	0.700
>GAGTTCTTGC	21-GAGTTCTTGC	10.296193	-261.371580	0	T:295.0(0.33%),B:52.9(0.06%),P:1e-113	Tpos:103.7,Tstd:31.0,Bpos:116.4,Bstd:58.0,StrandBias:0.1,Multiplicity:1.00
0.100	0.100	0.700	0.100
0.700	0.100	0.100	0.100
0.100	0.100	0.700	0.100
0.100	0.100	0.100	0.700
0.100	0.100	0.100	0.700
0.100	0.700	0.100	0.100
0.100	0.100	0.100	0.700
0.100	0.100	0.100	0.700
0.100	0.100	0.700	0.100
0.100	0.700	0.100	0.100
>ATAAGTGACC	22-ATAAGTGACC	10.778294	-258.970212	0	T:299.0(0.33%),B:54.4(0.06%),P:1e-112	Tpos:115.0,Tstd:44.9,Bpos:96.9,Bstd:52.9,StrandBias:1.2,Multiplicity:1.00
0.997	0.001	0.001	0.001
0.001	0.001	0.001	0.997
0.997	0.001	0.001	0.001
0.997	0.001	0.001	0.001
0.001	0.001	0.997	0.001
0.001	0.001	0.001	0.997
0.001	0.001	0.997	0.001
0.951	0.047	0.001	0.001
0.001	0.997	0.001	0.001
0.001	0.997	0.001	0.001
>ATATCACTTT	23-ATATCACTTT	10.296193	-249.601290	0	T:263.0(0.29%),B:43.3(0.05%),P:1e-108	Tpos:103.2,Tstd:29.5,Bpos:82.2,Bstd:57.6,StrandBias:1.7,Multiplicity:1.00
0.700	0.100	0.100	0.100
0.100	0.100	0.100	0.700
0.700	0.100	0.100	0.100
0.100	0.100	0.100	0.700
0.100	0.700	0.100	0.100
0.700	0.100	0.100	0.100
0.100	0.700	0.100	0.100
0.100	0.100	0.100	0.700
0.100	0.100	0.100	0.700
0.100	0.100	0.100	0.700
>AATTCGACCA	24-AATTCGACCA	11.238191	-249.591457	0	T:233.0(0.26%),B:33.8(0.04%),P:1e-108	Tpos:75.1,Tstd:47.8,Bpos:97.0,Bstd:54.7,StrandBias:1.3,Multiplicity:1.00
0.938	0.002	0.039	0.021
0.930	0.015	0.017	0.038
0.002	0.088	0.111	0.799
0.009	0.047	0.101	0.843
0.001	0.963	0.035	0.001
0.015	0.273	0.459	0.254
0.864	0.024	0.001	0.111
0.036	0.898	0.036	0.030
0.390	0.570	0.023	0.017
0.922	0.053	0.009	0.016
>CKAACCCTAA	25-CKAACCCTAA	8.206810	-52.412396	0	T:108.0(0.12%),B:33.8(0.04%),P:1e-22	Tpos:96.4,Tstd:48.5,Bpos:91.7,Bstd:43.7,StrandBias:-0.9,Multiplicity:10.17
0.217	0.434	0.111	0.238
0.022	0.182	0.342	0.454
0.693	0.037	0.051	0.219
0.506	0.265	0.044	0.185
0.081	0.825	0.069	0.025
0.034	0.609	0.117	0.240
0.022	0.803	0.152	0.023
0.248	0.050	0.110	0.592
0.651	0.254	0.045	0.050
0.432	0.271	0.250	0.047
>AAAGRGGAAGTG	1-AAAGRGGAAGTG	7.399452	-72319.705609	0	T:56574.0(63.23%),B:8955.4(10.50%),P:1e-31407	Tpos:99.5,Tstd:33.9,Bpos:99.4,Bstd:67.6,StrandBias:0.1,Multiplicity:1.31
0.456	0.104	0.198	0.242
0.540	0.083	0.184	0.193
0.478	0.102	0.139	0.281
0.204	0.243	0.464	0.089
0.439	0.166	0.351	0.044
0.157	0.001	0.841	0.001
0.001	0.001	0.997	0.001
0.997	0.001	0.001	0.001
0.975	0.001	0.001	0.023
0.135	0.282	0.582	0.001
0.084	0.213	0.097	0.606
0.230	0.196	0.414	0.160
>SACTTCCTYHTH	2-SACTTCCTYHTH	6.810502	-56179.483202	0	T:70600.0(78.90%),B:21669.8(25.40%),P:1e-24398	Tpos:99.9,Tstd:45.3,Bpos:100.8,Bstd:64.8,StrandBias:-0.0,Multiplicity:1.18
0.174	0.366	0.244	0.216
0.588	0.064	0.244	0.104
0.001	0.594	0.237	0.168
0.001	0.001	0.001	0.997
0.001	0.001	0.012	0.986
0.001	0.997	0.001	0.001
0.001	0.925	0.001	0.073
0.025	0.363	0.043	0.569
0.103	0.438	0.162	0.297
0.302	0.265	0.081	0.353
0.204	0.258	0.123	0.415
0.241	0.252	0.140	0.367
>YCACTTCCKGYY	3-YCACTTCCKGYY	7.289502	-25830.411382	0	T:40273.0(45.01%),B:11652.2(13.66%),P:1e-11217	Tpos:98.9,Tstd:48.7,Bpos:98.9,Bstd:63.0,StrandBias:-0.0,Multiplicity:1.10
0.058	0.425	0.225	0.292
0.196	0.462	0.160	0.182
0.487	0.154	0.263	0.095
0.001	0.691	0.196	0.112
0.076	0.010	0.001	0.913
0.001	0.001	0.001	0.997
0.001	0.997	0.001	0.001
0.008	0.794	0.001	0.197
0.083	0.017	0.426	0.475
0.002	0.268	0.656	0.074
0.002	0.336	0.231	0.430
0.105	0.399	0.181	0.315
>GAGGAAGTGGAA	4-GAGGAAGTGGAA	7.874222	-20815.387193	0	T:35698.0(39.90%),B:10825.4(12.69%),P:1e-9039	Tpos:99.4,Tstd:50.3,Bpos:99.4,Bstd:83.8,StrandBias:0.4,Multiplicity:1.62
0.214	0.101	0.586	0.099
0.580	0.071	0.307	0.042
0.144	0.001	0.851	0.004
0.080	0.003	0.915	0.002
0.924	0.065	0.008	0.003
0.900	0.010	0.059	0.031
0.080	0.129	0.779	0.012
0.236	0.072	0.096	0.596
0.197	0.027	0.701	0.075
0.271	0.102	0.605	0.022
0.647	0.129	0.178	0.046
0.650	0.077	0.174	0.099
>GCCCYCTAGTGG	5-GCCCYCTAGTGG	10.460518	-3613.372796	0	T:2967.0(3.32%),B:354.3(0.42%),P:1e-1569	Tpos:100.7,Tstd:41.4,Bpos:99.0,Bstd:54.9,StrandBias:0.1,Multiplicity:1.02
0.105	0.001	0.739	0.155
0.098	0.900	0.001	0.001
0.001	0.997	0.001	0.001
0.371	0.627	0.001	0.001
0.001	0.465	0.001	0.533
0.001	0.997	0.001	0.001
0.001	0.001	0.001	0.997
0.529	0.063	0.364	0.044
0.001	0.202	0.796	0.001
0.146	0.128	0.011	0.715
0.001	0.001	0.997	0.001
0.031	0.001	0.794	0.174
>ATGACTCATNNT	6-ATGACTCATNNT	6.616812	-2598.839427	0	T:7989.0(8.93%),B:3089.1(3.62%),P:1e-1128	Tpos:99.2,Tstd:50.8,Bpos:99.5,Bstd:58.6,StrandBias:0.0,Multiplicity:1.07
0.513	0.201	0.268	0.018
0.001	0.001	0.001	0.997
0.001	0.001	0.997	0.001
0.993	0.003	0.003	0.001
0.023	0.662	0.285	0.030
0.010	0.004	0.001	0.985
0.021	0.977	0.001	0.001
0.992	0.001	0.001	0.006
0.042	0.203	0.249	0.506
0.192	0.335	0.200	0.273
0.182	0.312	0.285	0.221
0.157	0.255	0.151	0.437
>CTTCTGCTTTTT	7-CTTCTGCTTTTT	11.003948	-2351.779954	0	T:2871.0(3.21%),B:549.0(0.64%),P:1e-1021	Tpos:97.6,Tstd:42.0,Bpos:101.0,Bstd:67.9,StrandBias:-0.1,Multiplicity:1.32
0.001	0.666	0.332	0.001
0.001	0.001	0.001	0.997
0.016	0.001	0.001	0.982
0.003	0.995	0.001	0.001
0.001	0.002	0.008	0.989
0.004	0.150	0.845	0.001
0.001	0.883	0.001	0.115
0.168	0.001	0.004	0.827
0.049	0.018	0.040	0.893
0.055	0.150	0.018	0.777
0.056	0.338	0.071	0.535
0.120	0.129	0.210	0.541
>AGGCCCCGCCCM	8-AGGCCCCGCCCM	7.646409	-1013.965248	0	T:9178.0(10.26%),B:5373.3(6.30%),P:1e-440	Tpos:100.2,Tstd:52.8,Bpos:94.4,Bstd:59.1,StrandBias:0.0,Multiplicity:1.28
0.471	0.157	0.112	0.259
0.323	0.049	0.570	0.058
0.119	0.001	0.844	0.036
0.015	0.770	0.001	0.214
0.012	0.697	0.001	0.290
0.236	0.762	0.001	0.001
0.001	0.997	0.001	0.001
0.210	0.001	0.707	0.082
0.001	0.997	0.001	0.001
0.001	0.997	0.001	0.001
0.001	0.886	0.001	0.112
0.385	0.417	0.008	0.189
>GATGATGTCABH	9-GATGATGTCABH	7.980691	-958.261236	0	T:4825.0(5.39%),B:2311.7(2.71%),P:1e-416	Tpos:99.9,Tstd:51.7,Bpos:99.2,Bstd:56.1,StrandBias:0.0,Multiplicity:1.04
0.222	0.219	0.399	0.160
0.578	0.175	0.204	0.043
0.007	0.002	0.081	0.910
0.018	0.003	0.902	0.077
0.880	0.065	0.034	0.021
0.076	0.068	0.184	0.672
0.017	0.092	0.885	0.006
0.158	0.033	0.013	0.796
0.285	0.688	0.024	0.003
0.995	0.001	0.001	0.003
0.032	0.339	0.248	0.381
0.295	0.314	0.158	0.232
>CGCSRTATTCCA	10-CGCSRTATTCCA	11.547329	-845.987421	0	T:327.0(0.37%),B:9.8(0.01%),P:1e-367	Tpos:105.6,Tstd:46.0,Bpos:111.6,Bstd:79.6,StrandBias:0.7,Multiplicity:1.14
0.001	0.724	0.081	0.194
0.001	0.082	0.901	0.016
0.001	0.770	0.001	0.228
0.001	0.439	0.314	0.246
0.553	0.001	0.445	0.001
0.033	0.082	0.016	0.869
0.868	0.115	0.001	0.016
0.001	0.144	0.001	0.854
0.001	0.001	0.015	0.983
0.001	0.803	0.180	0.016
0.001	0.702	0.248	0.049
0.884	0.114	0.001	0.001
>CCTCTACAGGTC	11-CCTCTACAGGTC	12.355432	-747.433270	0	T:242.0(0.27%),B:4.9(0.01%),P:1e-324	Tpos:107.1,Tstd:50.4,Bpos:105.4,Bstd:53.5,StrandBias:0.2,Multiplicity:1.00
0.100	0.700	0.100	0.100
0.100	0.700	0.100	0.100
0.100	0.100	0.100	0.700
0.100	0.700	0.100	0.100
0.100	0.100	0.100	0.700
0.700	0.100	0.100	0.100
0.100	0.700	0.100	0.100
0.700	0.100	0.100	0.100
0.100	0.100	0.700	0.100
0.100	0.100	0.700	0.100
0.100	0.100	0.100	0.700
0.100	0.700	0.100	0.100
>GTTACWCAATGT	12-GTTACWCAATGT	12.968488	-743.689235	0	T:278.0(0.31%),B:8.0(0.01%),P:1e-322	Tpos:102.0,Tstd:37.4,Bpos:82.0,Bstd:66.8,StrandBias:0.2,Multiplicity:1.01
0.319	0.001	0.679	0.001
0.049	0.001	0.001	0.949
0.001	0.001	0.144	0.854
0.997	0.001	0.001	0.001
0.144	0.854	0.001	0.001
0.446	0.001	0.001	0.552
0.049	0.949	0.001	0.001
0.997	0.001	0.001	0.001
0.942	0.056	0.001	0.001
0.001	0.001	0.001	0.997
0.001	0.001	0.949	0.049
0.034	0.145	0.001	0.820
>GAAATTAACCCA	13-GAAATTAACCCA	13.169421	-699.242131	0	T:255.0(0.28%),B:6.9(0.01%),P:1e-303	Tpos:106.3,Tstd:36.2,Bpos:130.9,Bstd:62.3,StrandBias:0.2,Multiplicity:1.00
0.001	0.051	0.947	0.001
0.776	0.001	0.222	0.001
0.997	0.001	0.001	0.001
0.805	0.097	0.097	0.001
0.001	0.001	0.001	0.997
0.001	0.096	0.001	0.902
0.902	0.001	0.096	0.001
0.902	0.096	0.001	0.001
0.001	0.997	0.001	0.001
0.001	0.997	0.001	0.001
0.052	0.850	0.097	0.001
0.805	0.097	0.097	0.001
>TGGAAGTTACAC	14-TGGAAGTTACAC	13.008923	-682.983434	0	T:239.0(0.27%),B:5.8(0.01%),P:1e-296	Tpos:105.7,Tstd:63.4,Bpos:98.6,Bstd:50.6,StrandBias:0.1,Multiplicity:1.00
0.001	0.117	0.001	0.881
0.001	0.001	0.997	0.001
0.001	0.001	0.997	0.001
0.997	0.001	0.001	0.001
0.773	0.001	0.014	0.212
0.098	0.020	0.881	0.001
0.001	0.001	0.001	0.997
0.001	0.001	0.001	0.997
0.979	0.001	0.019	0.001
0.097	0.901	0.001	0.001
0.823	0.156	0.001	0.020
0.306	0.576	0.020	0.098
>GTTTAAATGCAC	15-GTTTAAATGCAC	10.400333	-588.738477	0	T:214.0(0.24%),B:5.9(0.01%),P:1e-255	Tpos:94.5,Tstd:42.1,Bpos:71.9,Bstd:42.3,StrandBias:0.4,Multiplicity:1.00
0.001	0.001	0.997	0.001
0.001	0.001	0.001	0.997
0.001	0.001	0.001	0.997
0.001	0.001	0.003	0.995
0.997	0.001	0.001	0.001
0.997	0.001	0.001	0.001
0.997	0.001	0.001	0.001
0.001	0.001	0.001	0.997
0.325	0.001	0.673	0.001
0.001	0.997	0.001	0.001
0.997	0.001	0.001	0.001
0.001	0.997	0.001	0.001
>GTGAGTTCTTGC	16-GTGAGTTCTTGC	12.355432	-582.517855	0	T:250.0(0.28%),B:9.6(0.01%),P:1e-252	Tpos:105.3,Tstd:26.5,Bpos:129.1,Bstd:46.6,StrandBias:0.2,Multiplicity:1.00
0.100	0.100	0.700	0.100
0.100	0.100	0.100	0.700
0.100	0.100	0.700	0.100
0.700	0.100	0.100	0.100
0.100	0.100	0.700	0.100
0.100	0.100	0.100	0.700
0.100	0.100	0.100	0.700
0.100	0.700	0.100	0.100
0.100	0.100	0.100	0.700
0.100	0.100	0.100	0.700
0.100	0.100	0.700	0.100
0.100	0.700	0.100	0.100
>CCTGGCTAATAC	17-CCTGGCTAATAC	12.576268	-575.300072	0	T:369.0(0.41%),B:30.4(0.04%),P:1e-249	Tpos:76.9,Tstd:55.4,Bpos:96.6,Bstd:49.3,StrandBias:-1.2,Multiplicity:1.00
0.001	0.689	0.001	0.309
0.026	0.972	0.001	0.001
0.001	0.001	0.001	0.997
0.001	0.001	0.997	0.001
0.001	0.001	0.997	0.001
0.001	0.997	0.001	0.001
0.001	0.001	0.001	0.997
0.997	0.001	0.001	0.001
0.997	0.001	0.001	0.001
0.001	0.001	0.001	0.997
0.997	0.001	0.001	0.001
0.001	0.990	0.001	0.008
>CCTGCTGAAACG	18-CCTGCTGAAACG	13.905717	-557.060178	0	T:234.0(0.26%),B:8.3(0.01%),P:1e-241	Tpos:96.0,Tstd:25.9,Bpos:101.2,Bstd:50.0,StrandBias:-0.1,Multiplicity:1.01
0.001	0.997	0.001	0.001
0.001	0.997	0.001	0.001
0.001	0.001	0.001	0.997
0.001	0.001	0.997	0.001
0.001	0.997	0.001	0.001
0.001	0.231	0.001	0.767
0.001	0.001	0.997	0.001
0.997	0.001	0.001	0.001
0.997	0.001	0.001	0.001
0.997	0.001	0.001	0.001
0.001	0.707	0.291	0.001
0.001	0.001	0.997	0.001
>AARGAASCCSGT	19-AARGAASCCSGT	11.504231	-549.907717	0	T:240.0(0.27%),B:9.6(0.01%),P:1e-238	Tpos:98.8,Tstd:47.1,Bpos:73.4,Bstd:58.9,StrandBias:0.4,Multiplicity:1.00
0.844	0.040	0.079	0.037
0.656	0.283	0.018	0.043
0.473	0.044	0.465	0.018
0.155	0.163	0.537	0.145
0.883	0.033	0.037	0.047
0.677	0.193	0.079	0.051
0.040	0.436	0.480	0.044
0.156	0.804	0.018	0.022
0.029	0.891	0.044	0.036
0.028	0.442	0.515	0.015
0.049	0.386	0.539	0.026
0.022	0.073	0.047	0.858
>AGAAACGAGTGC	20-AGAAACGAGTGC	12.982530	-488.040936	0	T:213.0(0.24%),B:8.7(0.01%),P:1e-211	Tpos:90.2,Tstd:62.5,Bpos:109.4,Bstd:53.1,StrandBias:-0.6,Multiplicity:1.00
0.961	0.037	0.001	0.001
0.001	0.001	0.997	0.001
0.824	0.001	0.137	0.038
0.688	0.174	0.001	0.137
0.997	0.001	0.001	0.001
0.001	0.997	0.001	0.001
0.001	0.001	0.997	0.001
0.862	0.001	0.136	0.001
0.026	0.290	0.683	0.001
0.038	0.038	0.038	0.886
0.136	0.001	0.862	0.001
0.001	0.997	0.001	0.001
>GCAATACAAGCA	21-GCAATACAAGCA	10.378830	-399.623189	0	T:127.0(0.14%),B:2.9(0.00%),P:1e-173	Tpos:103.5,Tstd:53.7,Bpos:99.2,Bstd:42.8,StrandBias:0.3,Multiplicity:1.03
0.001	0.001	0.997	0.001
0.001	0.997	0.001	0.001
0.997	0.001	0.001	0.001
0.996	0.001	0.001	0.002
0.001	0.001	0.001	0.997
0.997	0.001	0.001	0.001
0.001	0.997	0.001	0.001
0.996	0.001	0.001	0.002
0.993	0.001	0.005	0.001
0.001	0.005	0.993	0.001
0.001	0.997	0.001	0.001
0.997	0.001	0.001	0.001
>AGTATATATAAG	22-AGTATATATAAG	10.755000	-389.218178	0	T:282.0(0.32%),B:28.9(0.03%),P:1e-169	Tpos:111.6,Tstd:40.9,Bpos:98.3,Bstd:48.7,StrandBias:1.4,Multiplicity:1.00
0.992	0.001	0.006	0.001
0.001	0.009	0.989	0.001
0.001	0.001	0.001	0.997
0.995	0.003	0.001	0.001
0.001	0.001	0.001	0.997
0.997	0.001	0.001	0.001
0.009	0.001	0.001	0.989
0.997	0.001	0.001	0.001
0.001	0.001	0.001	0.997
0.980	0.018	0.001	0.001
0.997	0.001	0.001	0.001
0.001	0.001	0.997	0.001
>TTCTTCCTTTGG	23-TTCTTCCTTTGG	12.355432	-282.886994	0	T:182.0(0.20%),B:15.7(0.02%),P:1e-122	Tpos:102.2,Tstd:70.3,Bpos:93.5,Bstd:71.9,StrandBias:-0.0,Multiplicity:1.00
0.100	0.100	0.100	0.700
0.100	0.100	0.100	0.700
0.100	0.700	0.100	0.100
0.100	0.100	0.100	0.700
0.100	0.100	0.100	0.700
0.100	0.700	0.100	0.100
0.100	0.700	0.100	0.100
0.100	0.100	0.100	0.700
0.100	0.100	0.100	0.700
0.100	0.100	0.100	0.700
0.100	0.100	0.700	0.100
0.100	0.100	0.700	0.100
>AACSCKAACCCT	24-AACSCKAACCCT	8.699866	-208.099736	0	T:87.0(0.10%),B:3.3(0.00%),P:1e-90	Tpos:96.2,Tstd:47.7,Bpos:86.9,Bstd:29.9,StrandBias:-0.9,Multiplicity:12.08
0.528	0.152	0.146	0.174
0.715	0.076	0.028	0.181
0.226	0.418	0.198	0.159
0.023	0.516	0.438	0.023
0.093	0.657	0.193	0.057
0.067	0.069	0.499	0.365
0.549	0.031	0.031	0.389
0.619	0.048	0.185	0.148
0.229	0.421	0.147	0.203
0.019	0.542	0.298	0.141
0.052	0.731	0.030	0.187
0.220	0.046	0.146	0.588
>AAACGGGAAAGG	25-AAACGGGAAAGG	13.634982	-47.862498	0	T:82.0(0.09%),B:22.1(0.03%),P:1e-20	Tpos:84.9,Tstd:45.3,Bpos:91.2,Bstd:62.4,StrandBias:0.8,Multiplicity:4.46
0.725	0.137	0.001	0.137
0.862	0.001	0.001	0.136
0.997	0.001	0.001	0.001
0.115	0.684	0.200	0.001
0.001	0.066	0.932	0.001
0.001	0.001	0.997	0.001
0.001	0.001	0.997	0.001
0.903	0.001	0.095	0.001
0.997	0.001	0.001	0.001
0.862	0.001	0.001	0.136
0.001	0.136	0.862	0.001
0.001	0.001	0.997	0.001
>ACTTCCTC	1-ACTTCCTC	6.633829	-46952.533669	0	T:52555.0(58.74%),B:12282.1(14.40%),P:1e-20391	Tpos:99.5,Tstd:36.9,Bpos:100.1,Bstd:69.5,StrandBias:-0.1,Multiplicity:1.40
0.838	0.001	0.042	0.119
0.001	0.900	0.074	0.025
0.001	0.001	0.001	0.997
0.001	0.001	0.001	0.997
0.001	0.997	0.001	0.001
0.001	0.997	0.001	0.001
0.001	0.121	0.013	0.865
0.018	0.789	0.106	0.087
>MGGAASYG	2-MGGAASYG	5.531578	-35264.334431	0	T:45213.0(50.53%),B:11421.5(13.39%),P:1e-15315	Tpos:99.8,Tstd:46.2,Bpos:101.0,Bstd:63.8,StrandBias:-0.0,Multiplicity:1.09
0.427	0.481	0.091	0.001
0.001	0.001	0.997	0.001
0.001	0.001	0.997	0.001
0.997	0.001	0.001	0.001
0.997	0.001	0.001	0.001
0.089	0.481	0.428	0.001
0.001	0.515	0.001	0.483
0.001	0.001	0.997	0.001
>WGMGGAAS	3-WGMGGAAS	5.619127	-32373.124230	0	T:75332.0(84.19%),B:36740.1(43.07%),P:1e-14059	Tpos:99.8,Tstd:51.5,Bpos:100.1,Bstd:74.7,StrandBias:0.0,Multiplicity:1.43
0.411	0.030	0.219	0.341
0.282	0.156	0.561	0.001
0.450	0.397	0.152	0.001
0.056	0.001	0.942	0.001
0.031	0.001	0.922	0.046
0.997	0.001	0.001	0.001
0.997	0.001	0.001	0.001
0.041	0.519	0.422	0.018
>TTCCYBTT	4-TTCCYBTT	8.160645	-20848.873123	0	T:29835.0(33.34%),B:7570.3(8.87%),P:1e-9054	Tpos:99.4,Tstd:44.1,Bpos:99.7,Bstd:70.7,StrandBias:-0.1,Multiplicity:1.32
0.001	0.001	0.001	0.997
0.040	0.009	0.001	0.950
0.005	0.870	0.002	0.123
0.001	0.997	0.001	0.001
0.070	0.375	0.187	0.369
0.029	0.341	0.375	0.256
0.095	0.089	0.061	0.755
0.016	0.063	0.024	0.897
>TTCCKCYT	5-TTCCKCYT	6.822391	-13640.189586	0	T:25110.0(28.06%),B:7592.2(8.90%),P:1e-5923	Tpos:98.9,Tstd:50.0,Bpos:99.8,Bstd:68.9,StrandBias:-0.1,Multiplicity:1.19
0.001	0.135	0.030	0.834
0.225	0.046	0.011	0.718
0.033	0.764	0.114	0.089
0.010	0.559	0.105	0.326
0.208	0.073	0.432	0.287
0.040	0.805	0.137	0.018
0.174	0.310	0.167	0.349
0.023	0.177	0.026	0.774
>GCGGAAGT	6-GCGGAAGT	7.298732	-12439.178640	0	T:21984.0(24.57%),B:6353.4(7.45%),P:1e-5402	Tpos:100.4,Tstd:42.5,Bpos:98.8,Bstd:65.0,StrandBias:0.0,Multiplicity:1.12
0.254	0.247	0.498	0.001
0.001	0.620	0.378	0.001
0.223	0.001	0.775	0.001
0.001	0.001	0.997	0.001
0.997	0.001	0.001	0.001
0.927	0.001	0.001	0.071
0.196	0.029	0.774	0.001
0.070	0.346	0.062	0.522
>KGGAAGTG	7-KGGAAGTG	8.120666	-9417.144264	0	T:17104.0(19.12%),B:4931.7(5.78%),P:1e-4089	Tpos:100.1,Tstd:45.4,Bpos:99.8,Bstd:64.1,StrandBias:0.0,Multiplicity:1.05
0.001	0.001	0.569	0.429
0.315	0.001	0.683	0.001
0.001	0.001	0.783	0.215
0.997	0.001	0.001	0.001
0.997	0.001	0.001	0.001
0.097	0.001	0.901	0.001
0.001	0.097	0.001	0.901
0.260	0.209	0.530	0.001
>TGAGTCAY	8-TGAGTCAY	7.129393	-2564.655550	0	T:9637.0(10.77%),B:4137.3(4.85%),P:1e-1113	Tpos:99.1,Tstd:51.6,Bpos:99.6,Bstd:61.0,StrandBias:-0.0,Multiplicity:1.08
0.007	0.003	0.001	0.989
0.002	0.017	0.763	0.218
0.728	0.163	0.048	0.061
0.030	0.403	0.566	0.001
0.065	0.057	0.042	0.836
0.120	0.866	0.001	0.013
0.997	0.001	0.001	0.001
0.121	0.297	0.164	0.418
>AAGTGAAA	9-AAGTGAAA	8.309962	-2266.145510	0	T:6441.0(7.20%),B:2375.0(2.78%),P:1e-984	Tpos:99.9,Tstd:53.9,Bpos:96.8,Bstd:65.2,StrandBias:-0.2,Multiplicity:1.05
0.946	0.052	0.001	0.001
0.536	0.139	0.183	0.142
0.001	0.381	0.588	0.030
0.001	0.147	0.102	0.750
0.001	0.001	0.997	0.001
0.963	0.035	0.001	0.001
0.461	0.239	0.001	0.299
0.967	0.001	0.031	0.001
>TTRYGCAA	10-TTRYGCAA	5.942446	-1858.650389	0	T:15080.0(16.85%),B:8690.4(10.19%),P:1e-807	Tpos:99.2,Tstd:53.6,Bpos:99.2,Bstd:60.3,StrandBias:0.0,Multiplicity:1.12
0.008	0.007	0.011	0.974
0.024	0.001	0.154	0.821
0.353	0.090	0.385	0.172
0.101	0.421	0.056	0.423
0.145	0.032	0.802	0.021
0.097	0.784	0.026	0.093
0.929	0.022	0.016	0.033
0.916	0.004	0.023	0.057
>TGACGTAA	11-TGACGTAA	6.730961	-1199.242721	0	T:12808.0(14.31%),B:7883.6(9.24%),P:1e-520	Tpos:98.5,Tstd:56.2,Bpos:99.9,Bstd:59.7,StrandBias:-0.0,Multiplicity:1.08
0.001	0.001	0.001	0.997
0.001	0.001	0.997	0.001
0.612	0.001	0.001	0.386
0.001	0.604	0.001	0.394
0.348	0.004	0.647	0.001
0.225	0.266	0.001	0.508
0.675	0.288	0.001	0.036
0.883	0.001	0.024	0.092
>GTCACRTG	12-GTCACRTG	6.180868	-882.251885	0	T:12461.0(13.93%),B:8153.4(9.56%),P:1e-383	Tpos:99.8,Tstd:54.1,Bpos:99.4,Bstd:57.9,StrandBias:0.0,Multiplicity:1.12
0.279	0.001	0.719	0.001
0.001	0.001	0.001	0.997
0.001	0.706	0.292	0.001
0.997	0.001	0.001	0.001
0.001	0.722	0.001	0.276
0.554	0.001	0.444	0.001
0.001	0.001	0.001	0.997
0.001	0.285	0.713	0.001
>ASAGAAST	13-ASAGAAST	4.682136	-810.408372	0	T:11173.0(12.49%),B:7256.5(8.51%),P:1e-351	Tpos:100.9,Tstd:53.3,Bpos:98.2,Bstd:63.3,StrandBias:0.0,Multiplicity:1.06
0.991	0.001	0.007	0.001
0.001	0.426	0.572	0.001
0.997	0.001	0.001	0.001
0.001	0.001	0.997	0.001
0.997	0.001	0.001	0.001
0.997	0.001	0.001	0.001
0.001	0.561	0.437	0.001
0.001	0.001	0.001	0.997
>TGTGGTYW	14-TGTGGTYW	7.361211	-748.483925	0	T:7402.0(8.27%),B:4418.7(5.18%),P:1e-325	Tpos:98.9,Tstd:54.3,Bpos:98.3,Bstd:57.7,StrandBias:-0.0,Multiplicity:1.05
0.187	0.037	0.001	0.775
0.001	0.001	0.997	0.001
0.001	0.042	0.001	0.956
0.001	0.243	0.755	0.001
0.001	0.162	0.836	0.001
0.077	0.084	0.001	0.838
0.127	0.355	0.134	0.385
0.496	0.001	0.050	0.453
>AGRGGGCG	15-AGRGGGCG	7.927445	-517.052134	0	T:4460.0(4.98%),B:2551.4(2.99%),P:1e-224	Tpos:100.0,Tstd:50.3,Bpos:99.7,Bstd:60.9,StrandBias:-0.0,Multiplicity:1.05
0.997	0.001	0.001	0.001
0.001	0.001	0.997	0.001
0.475	0.001	0.460	0.064
0.001	0.001	0.673	0.325
0.001	0.001	0.997	0.001
0.001	0.001	0.997	0.001
0.001	0.997	0.001	0.001
0.001	0.001	0.997	0.001
>GCCCCGCC	16-GCCCCGCC	6.996589	-462.708754	0	T:7961.0(8.90%),B:5370.9(6.30%),P:1e-200	Tpos:99.9,Tstd:54.4,Bpos:94.8,Bstd:61.6,StrandBias:0.0,Multiplicity:1.36
0.053	0.001	0.945	0.001
0.039	0.764	0.042	0.155
0.001	0.859	0.001	0.139
0.115	0.883	0.001	0.001
0.001	0.997	0.001	0.001
0.062	0.001	0.936	0.001
0.001	0.997	0.001	0.001
0.001	0.997	0.001	0.001
>CGCGGTAT	17-CGCGGTAT	8.236954	-460.519821	0	T:266.0(0.30%),B:18.2(0.02%),P:1e-199	Tpos:109.0,Tstd:41.8,Bpos:127.6,Bstd:61.0,StrandBias:0.3,Multiplicity:1.00
0.100	0.700	0.100	0.100
0.100	0.100	0.700	0.100
0.100	0.700	0.100	0.100
0.100	0.100	0.700	0.100
0.100	0.100	0.700	0.100
0.100	0.100	0.100	0.700
0.700	0.100	0.100	0.100
0.100	0.100	0.100	0.700
>TGCCACAT	18-TGCCACAT	7.757352	-329.591722	0	T:5036.0(5.63%),B:3305.7(3.88%),P:1e-143	Tpos:100.8,Tstd:54.4,Bpos:100.0,Bstd:57.6,StrandBias:-0.1,Multiplicity:1.07
0.001	0.083	0.001	0.915
0.001	0.201	0.585	0.213
0.285	0.644	0.070	0.001
0.001	0.997	0.001	0.001
0.541	0.358	0.012	0.089
0.160	0.696	0.001	0.143
0.805	0.144	0.001	0.050
0.001	0.001	0.001	0.997
>ACCACTAG	19-ACCACTAG	10.150528	-275.087193	0	T:1324.0(1.48%),B:619.9(0.73%),P:1e-119	Tpos:100.0,Tstd:51.0,Bpos:100.5,Bstd:61.0,StrandBias:-0.1,Multiplicity:1.02
0.599	0.001	0.399	0.001
0.001	0.997	0.001	0.001
0.001	0.997	0.001	0.001
0.997	0.001	0.001	0.001
0.001	0.997	0.001	0.001
0.001	0.001	0.001	0.997
0.997	0.001	0.001	0.001
0.001	0.001	0.997	0.001
>TTACTCAA	20-TTACTCAA	9.371053	-255.483078	0	T:1435.0(1.60%),B:712.5(0.84%),P:1e-110	Tpos:101.7,Tstd:51.2,Bpos:102.3,Bstd:57.7,StrandBias:-0.0,Multiplicity:1.01
0.001	0.001	0.001	0.997
0.001	0.001	0.001	0.997
0.997	0.001	0.001	0.001
0.001	0.997	0.001	0.001
0.001	0.183	0.001	0.815
0.001	0.997	0.001	0.001
0.997	0.001	0.001	0.001
0.997	0.001	0.001	0.001
>GCTAATAC	21-GCTAATAC	8.236954	-229.224434	0	T:563.0(0.63%),B:188.4(0.22%),P:1e-99	Tpos:84.2,Tstd:59.3,Bpos:102.9,Bstd:57.6,StrandBias:-0.8,Multiplicity:1.00
0.100	0.100	0.700	0.100
0.100	0.700	0.100	0.100
0.100	0.100	0.100	0.700
0.700	0.100	0.100	0.100
0.700	0.100	0.100	0.100
0.100	0.100	0.100	0.700
0.700	0.100	0.100	0.100
0.100	0.700	0.100	0.100
>CATTACGC	22-CATTACGC	8.236954	-224.848746	0	T:246.0(0.27%),B:42.9(0.05%),P:1e-97	Tpos:89.2,Tstd:63.2,Bpos:82.4,Bstd:64.2,StrandBias:0.4,Multiplicity:1.00
0.100	0.700	0.100	0.100
0.700	0.100	0.100	0.100
0.100	0.100	0.100	0.700
0.100	0.100	0.100	0.700
0.700	0.100	0.100	0.100
0.100	0.700	0.100	0.100
0.100	0.100	0.700	0.100
0.100	0.700	0.100	0.100
>AATTCGAC	23-AATTCGAC	8.236954	-167.047593	0	T:272.0(0.30%),B:68.6(0.08%),P:1e-72	Tpos:77.0,Tstd:50.8,Bpos:90.6,Bstd:61.8,StrandBias:1.2,Multiplicity:1.00
0.700	0.100	0.100	0.100
0.700	0.100	0.100	0.100
0.100	0.100	0.100	0.700
0.100	0.100	0.100	0.700
0.100	0.700	0.100	0.100
0.100	0.100	0.700	0.100
0.700	0.100	0.100	0.100
0.100	0.700	0.100	0.100
>CGTGACAT	24-CGTGACAT	8.236954	-154.910103	0	T:407.0(0.45%),B:142.3(0.17%),P:1e-67	Tpos:101.9,Tstd:45.8,Bpos:82.3,Bstd:62.1,StrandBias:0.3,Multiplicity:1.00
0.100	0.700	0.100	0.100
0.100	0.100	0.700	0.100
0.100	0.100	0.100	0.700
0.100	0.100	0.700	0.100
0.700	0.100	0.100	0.100
0.100	0.700	0.100	0.100
0.700	0.100	0.100	0.100
0.100	0.100	0.100	0.700
>TAGGGTTA	25-TAGGGTTA	8.236954	-8.134276	0	T:364.0(0.41%),B:288.1(0.34%),P:1e-3	Tpos:97.2,Tstd:52.1,Bpos:94.9,Bstd:57.7,StrandBias:0.6,Multiplicity:3.89
0.100	0.100	0.100	0.700
0.700	0.100	0.100	0.100
0.100	0.100	0.700	0.100
0.100	0.100	0.700	0.100
0.100	0.100	0.700	0.100
0.100	0.100	0.100	0.700
0.100	0.100	0.100	0.700
0.700	0.100	0.100	0.100
