>AAAGRGGAAGTG	1-AAAGRGGAAGTG	7.399452	-72319.705609	0	T:56574.0(63.23%),B:8955.4(10.50%),P:1e-31407	Tpos:99.5,Tstd:33.9,Bpos:99.4,Bstd:67.6,StrandBias:0.1,Multiplicity:1.31
0.456	0.104	0.198	0.242
0.540	0.083	0.184	0.193
0.478	0.102	0.139	0.281
0.204	0.243	0.464	0.089
0.439	0.166	0.351	0.044
0.157	0.001	0.841	0.001
0.001	0.001	0.997	0.001
0.997	0.001	0.001	0.001
0.975	0.001	0.001	0.023
0.135	0.282	0.582	0.001
0.084	0.213	0.097	0.606
0.230	0.196	0.414	0.160
>SACTTCCTYHTH	2-SACTTCCTYHTH	6.810502	-56179.483202	0	T:70600.0(78.90%),B:21669.8(25.40%),P:1e-24398	Tpos:99.9,Tstd:45.3,Bpos:100.8,Bstd:64.8,StrandBias:-0.0,Multiplicity:1.18
0.174	0.366	0.244	0.216
0.588	0.064	0.244	0.104
0.001	0.594	0.237	0.168
0.001	0.001	0.001	0.997
0.001	0.001	0.012	0.986
0.001	0.997	0.001	0.001
0.001	0.925	0.001	0.073
0.025	0.363	0.043	0.569
0.103	0.438	0.162	0.297
0.302	0.265	0.081	0.353
0.204	0.258	0.123	0.415
0.241	0.252	0.140	0.367
>YCACTTCCKGYY	3-YCACTTCCKGYY	7.289502	-25830.411382	0	T:40273.0(45.01%),B:11652.2(13.66%),P:1e-11217	Tpos:98.9,Tstd:48.7,Bpos:98.9,Bstd:63.0,StrandBias:-0.0,Multiplicity:1.10
0.058	0.425	0.225	0.292
0.196	0.462	0.160	0.182
0.487	0.154	0.263	0.095
0.001	0.691	0.196	0.112
0.076	0.010	0.001	0.913
0.001	0.001	0.001	0.997
0.001	0.997	0.001	0.001
0.008	0.794	0.001	0.197
0.083	0.017	0.426	0.475
0.002	0.268	0.656	0.074
0.002	0.336	0.231	0.430
0.105	0.399	0.181	0.315
>GAGGAAGTGGAA	4-GAGGAAGTGGAA	7.874222	-20815.387193	0	T:35698.0(39.90%),B:10825.4(12.69%),P:1e-9039	Tpos:99.4,Tstd:50.3,Bpos:99.4,Bstd:83.8,StrandBias:0.4,Multiplicity:1.62
0.214	0.101	0.586	0.099
0.580	0.071	0.307	0.042
0.144	0.001	0.851	0.004
0.080	0.003	0.915	0.002
0.924	0.065	0.008	0.003
0.900	0.010	0.059	0.031
0.080	0.129	0.779	0.012
0.236	0.072	0.096	0.596
0.197	0.027	0.701	0.075
0.271	0.102	0.605	0.022
0.647	0.129	0.178	0.046
0.650	0.077	0.174	0.099
>GCCCYCTAGTGG	5-GCCCYCTAGTGG	10.460518	-3613.372796	0	T:2967.0(3.32%),B:354.3(0.42%),P:1e-1569	Tpos:100.7,Tstd:41.4,Bpos:99.0,Bstd:54.9,StrandBias:0.1,Multiplicity:1.02
0.105	0.001	0.739	0.155
0.098	0.900	0.001	0.001
0.001	0.997	0.001	0.001
0.371	0.627	0.001	0.001
0.001	0.465	0.001	0.533
0.001	0.997	0.001	0.001
0.001	0.001	0.001	0.997
0.529	0.063	0.364	0.044
0.001	0.202	0.796	0.001
0.146	0.128	0.011	0.715
0.001	0.001	0.997	0.001
0.031	0.001	0.794	0.174
>ATGACTCATNNT	6-ATGACTCATNNT	6.616812	-2598.839427	0	T:7989.0(8.93%),B:3089.1(3.62%),P:1e-1128	Tpos:99.2,Tstd:50.8,Bpos:99.5,Bstd:58.6,StrandBias:0.0,Multiplicity:1.07
0.513	0.201	0.268	0.018
0.001	0.001	0.001	0.997
0.001	0.001	0.997	0.001
0.993	0.003	0.003	0.001
0.023	0.662	0.285	0.030
0.010	0.004	0.001	0.985
0.021	0.977	0.001	0.001
0.992	0.001	0.001	0.006
0.042	0.203	0.249	0.506
0.192	0.335	0.200	0.273
0.182	0.312	0.285	0.221
0.157	0.255	0.151	0.437
>CTTCTGCTTTTT	7-CTTCTGCTTTTT	11.003948	-2351.779954	0	T:2871.0(3.21%),B:549.0(0.64%),P:1e-1021	Tpos:97.6,Tstd:42.0,Bpos:101.0,Bstd:67.9,StrandBias:-0.1,Multiplicity:1.32
0.001	0.666	0.332	0.001
0.001	0.001	0.001	0.997
0.016	0.001	0.001	0.982
0.003	0.995	0.001	0.001
0.001	0.002	0.008	0.989
0.004	0.150	0.845	0.001
0.001	0.883	0.001	0.115
0.168	0.001	0.004	0.827
0.049	0.018	0.040	0.893
0.055	0.150	0.018	0.777
0.056	0.338	0.071	0.535
0.120	0.129	0.210	0.541
>AGGCCCCGCCCM	8-AGGCCCCGCCCM	7.646409	-1013.965248	0	T:9178.0(10.26%),B:5373.3(6.30%),P:1e-440	Tpos:100.2,Tstd:52.8,Bpos:94.4,Bstd:59.1,StrandBias:0.0,Multiplicity:1.28
0.471	0.157	0.112	0.259
0.323	0.049	0.570	0.058
0.119	0.001	0.844	0.036
0.015	0.770	0.001	0.214
0.012	0.697	0.001	0.290
0.236	0.762	0.001	0.001
0.001	0.997	0.001	0.001
0.210	0.001	0.707	0.082
0.001	0.997	0.001	0.001
0.001	0.997	0.001	0.001
0.001	0.886	0.001	0.112
0.385	0.417	0.008	0.189
>GATGATGTCABH	9-GATGATGTCABH	7.980691	-958.261236	0	T:4825.0(5.39%),B:2311.7(2.71%),P:1e-416	Tpos:99.9,Tstd:51.7,Bpos:99.2,Bstd:56.1,StrandBias:0.0,Multiplicity:1.04
0.222	0.219	0.399	0.160
0.578	0.175	0.204	0.043
0.007	0.002	0.081	0.910
0.018	0.003	0.902	0.077
0.880	0.065	0.034	0.021
0.076	0.068	0.184	0.672
0.017	0.092	0.885	0.006
0.158	0.033	0.013	0.796
0.285	0.688	0.024	0.003
0.995	0.001	0.001	0.003
0.032	0.339	0.248	0.381
0.295	0.314	0.158	0.232
>CGCSRTATTCCA	10-CGCSRTATTCCA	11.547329	-845.987421	0	T:327.0(0.37%),B:9.8(0.01%),P:1e-367	Tpos:105.6,Tstd:46.0,Bpos:111.6,Bstd:79.6,StrandBias:0.7,Multiplicity:1.14
0.001	0.724	0.081	0.194
0.001	0.082	0.901	0.016
0.001	0.770	0.001	0.228
0.001	0.439	0.314	0.246
0.553	0.001	0.445	0.001
0.033	0.082	0.016	0.869
0.868	0.115	0.001	0.016
0.001	0.144	0.001	0.854
0.001	0.001	0.015	0.983
0.001	0.803	0.180	0.016
0.001	0.702	0.248	0.049
0.884	0.114	0.001	0.001
>CCTCTACAGGTC	11-CCTCTACAGGTC	12.355432	-747.433270	0	T:242.0(0.27%),B:4.9(0.01%),P:1e-324	Tpos:107.1,Tstd:50.4,Bpos:105.4,Bstd:53.5,StrandBias:0.2,Multiplicity:1.00
0.100	0.700	0.100	0.100
0.100	0.700	0.100	0.100
0.100	0.100	0.100	0.700
0.100	0.700	0.100	0.100
0.100	0.100	0.100	0.700
0.700	0.100	0.100	0.100
0.100	0.700	0.100	0.100
0.700	0.100	0.100	0.100
0.100	0.100	0.700	0.100
0.100	0.100	0.700	0.100
0.100	0.100	0.100	0.700
0.100	0.700	0.100	0.100
>GTTACWCAATGT	12-GTTACWCAATGT	12.968488	-743.689235	0	T:278.0(0.31%),B:8.0(0.01%),P:1e-322	Tpos:102.0,Tstd:37.4,Bpos:82.0,Bstd:66.8,StrandBias:0.2,Multiplicity:1.01
0.319	0.001	0.679	0.001
0.049	0.001	0.001	0.949
0.001	0.001	0.144	0.854
0.997	0.001	0.001	0.001
0.144	0.854	0.001	0.001
0.446	0.001	0.001	0.552
0.049	0.949	0.001	0.001
0.997	0.001	0.001	0.001
0.942	0.056	0.001	0.001
0.001	0.001	0.001	0.997
0.001	0.001	0.949	0.049
0.034	0.145	0.001	0.820
>GAAATTAACCCA	13-GAAATTAACCCA	13.169421	-699.242131	0	T:255.0(0.28%),B:6.9(0.01%),P:1e-303	Tpos:106.3,Tstd:36.2,Bpos:130.9,Bstd:62.3,StrandBias:0.2,Multiplicity:1.00
0.001	0.051	0.947	0.001
0.776	0.001	0.222	0.001
0.997	0.001	0.001	0.001
0.805	0.097	0.097	0.001
0.001	0.001	0.001	0.997
0.001	0.096	0.001	0.902
0.902	0.001	0.096	0.001
0.902	0.096	0.001	0.001
0.001	0.997	0.001	0.001
0.001	0.997	0.001	0.001
0.052	0.850	0.097	0.001
0.805	0.097	0.097	0.001
>TGGAAGTTACAC	14-TGGAAGTTACAC	13.008923	-682.983434	0	T:239.0(0.27%),B:5.8(0.01%),P:1e-296	Tpos:105.7,Tstd:63.4,Bpos:98.6,Bstd:50.6,StrandBias:0.1,Multiplicity:1.00
0.001	0.117	0.001	0.881
0.001	0.001	0.997	0.001
0.001	0.001	0.997	0.001
0.997	0.001	0.001	0.001
0.773	0.001	0.014	0.212
0.098	0.020	0.881	0.001
0.001	0.001	0.001	0.997
0.001	0.001	0.001	0.997
0.979	0.001	0.019	0.001
0.097	0.901	0.001	0.001
0.823	0.156	0.001	0.020
0.306	0.576	0.020	0.098
>GTTTAAATGCAC	15-GTTTAAATGCAC	10.400333	-588.738477	0	T:214.0(0.24%),B:5.9(0.01%),P:1e-255	Tpos:94.5,Tstd:42.1,Bpos:71.9,Bstd:42.3,StrandBias:0.4,Multiplicity:1.00
0.001	0.001	0.997	0.001
0.001	0.001	0.001	0.997
0.001	0.001	0.001	0.997
0.001	0.001	0.003	0.995
0.997	0.001	0.001	0.001
0.997	0.001	0.001	0.001
0.997	0.001	0.001	0.001
0.001	0.001	0.001	0.997
0.325	0.001	0.673	0.001
0.001	0.997	0.001	0.001
0.997	0.001	0.001	0.001
0.001	0.997	0.001	0.001
>GTGAGTTCTTGC	16-GTGAGTTCTTGC	12.355432	-582.517855	0	T:250.0(0.28%),B:9.6(0.01%),P:1e-252	Tpos:105.3,Tstd:26.5,Bpos:129.1,Bstd:46.6,StrandBias:0.2,Multiplicity:1.00
0.100	0.100	0.700	0.100
0.100	0.100	0.100	0.700
0.100	0.100	0.700	0.100
0.700	0.100	0.100	0.100
0.100	0.100	0.700	0.100
0.100	0.100	0.100	0.700
0.100	0.100	0.100	0.700
0.100	0.700	0.100	0.100
0.100	0.100	0.100	0.700
0.100	0.100	0.100	0.700
0.100	0.100	0.700	0.100
0.100	0.700	0.100	0.100
>CCTGGCTAATAC	17-CCTGGCTAATAC	12.576268	-575.300072	0	T:369.0(0.41%),B:30.4(0.04%),P:1e-249	Tpos:76.9,Tstd:55.4,Bpos:96.6,Bstd:49.3,StrandBias:-1.2,Multiplicity:1.00
0.001	0.689	0.001	0.309
0.026	0.972	0.001	0.001
0.001	0.001	0.001	0.997
0.001	0.001	0.997	0.001
0.001	0.001	0.997	0.001
0.001	0.997	0.001	0.001
0.001	0.001	0.001	0.997
0.997	0.001	0.001	0.001
0.997	0.001	0.001	0.001
0.001	0.001	0.001	0.997
0.997	0.001	0.001	0.001
0.001	0.990	0.001	0.008
>CCTGCTGAAACG	18-CCTGCTGAAACG	13.905717	-557.060178	0	T:234.0(0.26%),B:8.3(0.01%),P:1e-241	Tpos:96.0,Tstd:25.9,Bpos:101.2,Bstd:50.0,StrandBias:-0.1,Multiplicity:1.01
0.001	0.997	0.001	0.001
0.001	0.997	0.001	0.001
0.001	0.001	0.001	0.997
0.001	0.001	0.997	0.001
0.001	0.997	0.001	0.001
0.001	0.231	0.001	0.767
0.001	0.001	0.997	0.001
0.997	0.001	0.001	0.001
0.997	0.001	0.001	0.001
0.997	0.001	0.001	0.001
0.001	0.707	0.291	0.001
0.001	0.001	0.997	0.001
>AARGAASCCSGT	19-AARGAASCCSGT	11.504231	-549.907717	0	T:240.0(0.27%),B:9.6(0.01%),P:1e-238	Tpos:98.8,Tstd:47.1,Bpos:73.4,Bstd:58.9,StrandBias:0.4,Multiplicity:1.00
0.844	0.040	0.079	0.037
0.656	0.283	0.018	0.043
0.473	0.044	0.465	0.018
0.155	0.163	0.537	0.145
0.883	0.033	0.037	0.047
0.677	0.193	0.079	0.051
0.040	0.436	0.480	0.044
0.156	0.804	0.018	0.022
0.029	0.891	0.044	0.036
0.028	0.442	0.515	0.015
0.049	0.386	0.539	0.026
0.022	0.073	0.047	0.858
>AGAAACGAGTGC	20-AGAAACGAGTGC	12.982530	-488.040936	0	T:213.0(0.24%),B:8.7(0.01%),P:1e-211	Tpos:90.2,Tstd:62.5,Bpos:109.4,Bstd:53.1,StrandBias:-0.6,Multiplicity:1.00
0.961	0.037	0.001	0.001
0.001	0.001	0.997	0.001
0.824	0.001	0.137	0.038
0.688	0.174	0.001	0.137
0.997	0.001	0.001	0.001
0.001	0.997	0.001	0.001
0.001	0.001	0.997	0.001
0.862	0.001	0.136	0.001
0.026	0.290	0.683	0.001
0.038	0.038	0.038	0.886
0.136	0.001	0.862	0.001
0.001	0.997	0.001	0.001
>GCAATACAAGCA	21-GCAATACAAGCA	10.378830	-399.623189	0	T:127.0(0.14%),B:2.9(0.00%),P:1e-173	Tpos:103.5,Tstd:53.7,Bpos:99.2,Bstd:42.8,StrandBias:0.3,Multiplicity:1.03
0.001	0.001	0.997	0.001
0.001	0.997	0.001	0.001
0.997	0.001	0.001	0.001
0.996	0.001	0.001	0.002
0.001	0.001	0.001	0.997
0.997	0.001	0.001	0.001
0.001	0.997	0.001	0.001
0.996	0.001	0.001	0.002
0.993	0.001	0.005	0.001
0.001	0.005	0.993	0.001
0.001	0.997	0.001	0.001
0.997	0.001	0.001	0.001
>AGTATATATAAG	22-AGTATATATAAG	10.755000	-389.218178	0	T:282.0(0.32%),B:28.9(0.03%),P:1e-169	Tpos:111.6,Tstd:40.9,Bpos:98.3,Bstd:48.7,StrandBias:1.4,Multiplicity:1.00
0.992	0.001	0.006	0.001
0.001	0.009	0.989	0.001
0.001	0.001	0.001	0.997
0.995	0.003	0.001	0.001
0.001	0.001	0.001	0.997
0.997	0.001	0.001	0.001
0.009	0.001	0.001	0.989
0.997	0.001	0.001	0.001
0.001	0.001	0.001	0.997
0.980	0.018	0.001	0.001
0.997	0.001	0.001	0.001
0.001	0.001	0.997	0.001
>TTCTTCCTTTGG	23-TTCTTCCTTTGG	12.355432	-282.886994	0	T:182.0(0.20%),B:15.7(0.02%),P:1e-122	Tpos:102.2,Tstd:70.3,Bpos:93.5,Bstd:71.9,StrandBias:-0.0,Multiplicity:1.00
0.100	0.100	0.100	0.700
0.100	0.100	0.100	0.700
0.100	0.700	0.100	0.100
0.100	0.100	0.100	0.700
0.100	0.100	0.100	0.700
0.100	0.700	0.100	0.100
0.100	0.700	0.100	0.100
0.100	0.100	0.100	0.700
0.100	0.100	0.100	0.700
0.100	0.100	0.100	0.700
0.100	0.100	0.700	0.100
0.100	0.100	0.700	0.100
>AACSCKAACCCT	24-AACSCKAACCCT	8.699866	-208.099736	0	T:87.0(0.10%),B:3.3(0.00%),P:1e-90	Tpos:96.2,Tstd:47.7,Bpos:86.9,Bstd:29.9,StrandBias:-0.9,Multiplicity:12.08
0.528	0.152	0.146	0.174
0.715	0.076	0.028	0.181
0.226	0.418	0.198	0.159
0.023	0.516	0.438	0.023
0.093	0.657	0.193	0.057
0.067	0.069	0.499	0.365
0.549	0.031	0.031	0.389
0.619	0.048	0.185	0.148
0.229	0.421	0.147	0.203
0.019	0.542	0.298	0.141
0.052	0.731	0.030	0.187
0.220	0.046	0.146	0.588
>AAACGGGAAAGG	25-AAACGGGAAAGG	13.634982	-47.862498	0	T:82.0(0.09%),B:22.1(0.03%),P:1e-20	Tpos:84.9,Tstd:45.3,Bpos:91.2,Bstd:62.4,StrandBias:0.8,Multiplicity:4.46
0.725	0.137	0.001	0.137
0.862	0.001	0.001	0.136
0.997	0.001	0.001	0.001
0.115	0.684	0.200	0.001
0.001	0.066	0.932	0.001
0.001	0.001	0.997	0.001
0.001	0.001	0.997	0.001
0.903	0.001	0.095	0.001
0.997	0.001	0.001	0.001
0.862	0.001	0.001	0.136
0.001	0.136	0.862	0.001
0.001	0.001	0.997	0.001
