>ACTTCCTCTT	1-ACTTCCTCTT	7.293699	-64456.514560	0	T:54670.0(61.10%),B:9473.0(11.11%),P:1e-27992	Tpos:99.5,Tstd:35.1,Bpos:99.6,Bstd:68.3,StrandBias:-0.1,Multiplicity:1.34
0.858	0.041	0.058	0.043
0.001	0.808	0.163	0.028
0.002	0.001	0.001	0.996
0.001	0.001	0.001	0.997
0.001	0.986	0.001	0.012
0.001	0.933	0.001	0.065
0.017	0.317	0.075	0.591
0.034	0.653	0.167	0.146
0.258	0.178	0.032	0.532
0.124	0.178	0.056	0.642
>GMGGAAGTVV	2-GMGGAAGTVV	6.160940	-50848.496078	0	T:75733.0(84.64%),B:28250.0(33.12%),P:1e-22083	Tpos:99.7,Tstd:46.6,Bpos:99.9,Bstd:64.6,StrandBias:0.0,Multiplicity:1.29
0.239	0.168	0.514	0.079
0.430	0.307	0.262	0.001
0.127	0.001	0.871	0.001
0.001	0.001	0.997	0.001
0.997	0.001	0.001	0.001
0.997	0.001	0.001	0.001
0.100	0.306	0.593	0.001
0.099	0.308	0.001	0.592
0.238	0.234	0.360	0.168
0.277	0.240	0.353	0.130
>ACTTCCSCWT	3-ACTTCCSCWT	6.615010	-27822.500253	0	T:30912.0(34.55%),B:6192.0(7.26%),P:1e-12083	Tpos:100.2,Tstd:47.5,Bpos:99.2,Bstd:61.0,StrandBias:-0.1,Multiplicity:1.04
0.698	0.064	0.146	0.092
0.012	0.577	0.145	0.266
0.114	0.008	0.115	0.763
0.117	0.001	0.143	0.739
0.009	0.834	0.028	0.129
0.044	0.564	0.151	0.241
0.162	0.344	0.330	0.164
0.107	0.447	0.259	0.188
0.368	0.061	0.117	0.454
0.028	0.013	0.026	0.933
>GGAAGCGGAA	4-GGAAGCGGAA	6.877267	-16145.777568	0	T:33467.0(37.40%),B:11446.5(13.42%),P:1e-7011	Tpos:99.6,Tstd:46.3,Bpos:100.3,Bstd:73.5,StrandBias:0.1,Multiplicity:1.43
0.181	0.058	0.718	0.043
0.262	0.048	0.643	0.047
0.856	0.053	0.054	0.037
0.778	0.041	0.100	0.081
0.150	0.165	0.655	0.030
0.200	0.425	0.120	0.254
0.140	0.048	0.767	0.045
0.198	0.062	0.688	0.052
0.697	0.114	0.119	0.070
0.773	0.058	0.091	0.078
>GTTCCCGTTT	5-GTTCCCGTTT	9.111077	-6797.494871	0	T:6223.0(6.95%),B:871.1(1.02%),P:1e-2952	Tpos:99.2,Tstd:41.3,Bpos:100.2,Bstd:63.1,StrandBias:-0.1,Multiplicity:1.02
0.011	0.265	0.604	0.120
0.010	0.010	0.010	0.970
0.008	0.012	0.026	0.954
0.029	0.784	0.025	0.162
0.077	0.846	0.011	0.066
0.030	0.635	0.058	0.277
0.047	0.099	0.647	0.207
0.070	0.063	0.059	0.808
0.036	0.016	0.071	0.877
0.052	0.033	0.039	0.876
>TGASTCATCV	6-TGASTCATCV	7.296989	-2684.075541	0	T:8840.0(9.88%),B:3552.0(4.16%),P:1e-1165	Tpos:99.1,Tstd:51.2,Bpos:97.8,Bstd:59.5,StrandBias:-0.0,Multiplicity:1.07
0.019	0.040	0.004	0.937
0.008	0.001	0.742	0.249
0.830	0.056	0.021	0.093
0.070	0.465	0.456	0.010
0.038	0.001	0.065	0.896
0.251	0.707	0.019	0.023
0.962	0.009	0.025	0.004
0.080	0.249	0.203	0.467
0.230	0.444	0.171	0.155
0.348	0.298	0.232	0.122
>KATTGCGCAA	7-KATTGCGCAA	6.252930	-2360.597625	0	T:8818.0(9.85%),B:3765.1(4.41%),P:1e-1025	Tpos:99.5,Tstd:51.2,Bpos:101.5,Bstd:58.8,StrandBias:-0.0,Multiplicity:1.11
0.200	0.198	0.250	0.352
0.589	0.122	0.256	0.033
0.076	0.071	0.006	0.847
0.001	0.002	0.041	0.956
0.282	0.012	0.617	0.089
0.068	0.736	0.044	0.152
0.199	0.108	0.578	0.115
0.100	0.579	0.073	0.248
0.874	0.122	0.001	0.003
0.910	0.002	0.081	0.007
>CACYAGRGGG	8-CACYAGRGGG	8.710055	-2102.377565	0	T:4290.0(4.79%),B:1275.7(1.50%),P:1e-913	Tpos:100.5,Tstd:45.2,Bpos:99.4,Bstd:58.6,StrandBias:-0.1,Multiplicity:1.03
0.014	0.964	0.017	0.005
0.799	0.042	0.135	0.024
0.038	0.733	0.228	0.001
0.105	0.428	0.019	0.448
0.975	0.005	0.008	0.012
0.015	0.008	0.960	0.017
0.423	0.027	0.535	0.015
0.015	0.035	0.679	0.271
0.008	0.030	0.959	0.003
0.016	0.014	0.948	0.022
>TKACGTCATM	9-TKACGTCATM	5.742386	-1413.401589	0	T:16498.0(18.44%),B:10450.7(12.25%),P:1e-613	Tpos:99.7,Tstd:54.5,Bpos:99.5,Bstd:58.6,StrandBias:0.0,Multiplicity:1.12
0.034	0.005	0.001	0.960
0.020	0.139	0.433	0.409
0.506	0.031	0.162	0.301
0.003	0.568	0.101	0.328
0.264	0.079	0.637	0.020
0.320	0.028	0.001	0.651
0.316	0.482	0.126	0.076
0.990	0.001	0.007	0.002
0.025	0.332	0.150	0.493
0.280	0.364	0.147	0.209
>GGGCGGRGYY	10-GGGCGGRGYY	8.309010	-953.153854	0	T:5539.0(6.19%),B:2803.8(3.29%),P:1e-413	Tpos:100.1,Tstd:53.5,Bpos:92.1,Bstd:57.4,StrandBias:-0.0,Multiplicity:1.22
0.227	0.001	0.767	0.005
0.001	0.001	0.997	0.001
0.001	0.001	0.995	0.003
0.077	0.622	0.001	0.300
0.025	0.013	0.935	0.027
0.066	0.001	0.555	0.378
0.379	0.030	0.522	0.069
0.226	0.061	0.533	0.180
0.034	0.540	0.001	0.425
0.042	0.428	0.089	0.441
>GTCACATGAC	11-GTCACATGAC	7.347825	-823.907674	0	T:5330.0(5.96%),B:2797.6(3.28%),P:1e-357	Tpos:98.5,Tstd:53.7,Bpos:99.1,Bstd:57.8,StrandBias:0.0,Multiplicity:1.04
0.212	0.063	0.645	0.080
0.039	0.202	0.051	0.708
0.025	0.962	0.003	0.010
0.873	0.012	0.001	0.114
0.001	0.904	0.065	0.030
0.726	0.001	0.261	0.012
0.140	0.021	0.001	0.838
0.006	0.001	0.939	0.054
0.771	0.061	0.076	0.092
0.025	0.619	0.158	0.198
>CACGCGGTAT	12-CACGCGGTAT	10.296193	-652.526599	0	T:231.0(0.26%),B:5.3(0.01%),P:1e-283	Tpos:110.5,Tstd:39.6,Bpos:145.1,Bstd:67.0,StrandBias:0.4,Multiplicity:1.00
0.100	0.700	0.100	0.100
0.700	0.100	0.100	0.100
0.100	0.700	0.100	0.100
0.100	0.100	0.700	0.100
0.100	0.700	0.100	0.100
0.100	0.100	0.700	0.100
0.100	0.100	0.700	0.100
0.100	0.100	0.100	0.700
0.700	0.100	0.100	0.100
0.100	0.100	0.100	0.700
>CGACCTCTAC	13-CGACCTCTAC	10.296193	-639.732269	0	T:249.0(0.28%),B:7.6(0.01%),P:1e-277	Tpos:109.3,Tstd:48.1,Bpos:110.4,Bstd:45.0,StrandBias:0.3,Multiplicity:1.00
0.100	0.700	0.100	0.100
0.100	0.100	0.700	0.100
0.700	0.100	0.100	0.100
0.100	0.700	0.100	0.100
0.100	0.700	0.100	0.100
0.100	0.100	0.100	0.700
0.100	0.700	0.100	0.100
0.100	0.100	0.100	0.700
0.700	0.100	0.100	0.100
0.100	0.700	0.100	0.100
>AAGCCCGTGA	14-AAGCCCGTGA	10.296193	-481.479311	0	T:263.0(0.29%),B:17.0(0.02%),P:1e-209	Tpos:100.1,Tstd:46.1,Bpos:106.1,Bstd:63.9,StrandBias:0.4,Multiplicity:1.00
0.700	0.100	0.100	0.100
0.700	0.100	0.100	0.100
0.100	0.100	0.700	0.100
0.100	0.700	0.100	0.100
0.100	0.700	0.100	0.100
0.100	0.700	0.100	0.100
0.100	0.100	0.700	0.100
0.100	0.100	0.100	0.700
0.100	0.100	0.700	0.100
0.700	0.100	0.100	0.100
>CTGGCTAATA	15-CTGGCTAATA	10.296193	-454.631354	0	T:396.0(0.44%),B:51.4(0.06%),P:1e-197	Tpos:78.9,Tstd:56.7,Bpos:106.2,Bstd:54.4,StrandBias:-1.1,Multiplicity:1.00
0.100	0.700	0.100	0.100
0.100	0.100	0.100	0.700
0.100	0.100	0.700	0.100
0.100	0.100	0.700	0.100
0.100	0.700	0.100	0.100
0.100	0.100	0.100	0.700
0.700	0.100	0.100	0.100
0.700	0.100	0.100	0.100
0.100	0.100	0.100	0.700
0.700	0.100	0.100	0.100
>GGGAATTAAC	16-GGGAATTAAC	10.296193	-421.197128	0	T:251.0(0.28%),B:18.4(0.02%),P:1e-182	Tpos:106.7,Tstd:35.0,Bpos:104.7,Bstd:59.9,StrandBias:0.3,Multiplicity:1.00
0.100	0.100	0.700	0.100
0.100	0.100	0.700	0.100
0.100	0.100	0.700	0.100
0.700	0.100	0.100	0.100
0.700	0.100	0.100	0.100
0.100	0.100	0.100	0.700
0.100	0.100	0.100	0.700
0.700	0.100	0.100	0.100
0.700	0.100	0.100	0.100
0.100	0.700	0.100	0.100
>TGGATGTTAC	17-TGGATGTTAC	10.296193	-398.030640	0	T:242.0(0.27%),B:18.0(0.02%),P:1e-172	Tpos:106.4,Tstd:62.6,Bpos:97.3,Bstd:47.9,StrandBias:0.1,Multiplicity:1.00
0.100	0.100	0.100	0.700
0.100	0.100	0.700	0.100
0.100	0.100	0.700	0.100
0.700	0.100	0.100	0.100
0.100	0.100	0.100	0.700
0.100	0.100	0.700	0.100
0.100	0.100	0.100	0.700
0.100	0.100	0.100	0.700
0.700	0.100	0.100	0.100
0.100	0.700	0.100	0.100
>GGTCTGGCAA	18-GGTCTGGCAA	8.719906	-353.093171	0	T:262.0(0.29%),B:27.6(0.03%),P:1e-153	Tpos:108.2,Tstd:56.6,Bpos:104.7,Bstd:48.3,StrandBias:0.1,Multiplicity:1.00
0.001	0.001	0.997	0.001
0.001	0.001	0.997	0.001
0.001	0.001	0.001	0.997
0.001	0.997	0.001	0.001
0.001	0.006	0.001	0.992
0.001	0.001	0.997	0.001
0.001	0.001	0.997	0.001
0.001	0.997	0.001	0.001
0.997	0.001	0.001	0.001
0.997	0.001	0.001	0.001
>ATTTAAACCT	19-ATTTAAACCT	12.251157	-343.477849	0	T:362.0(0.40%),B:59.1(0.07%),P:1e-149	Tpos:94.1,Tstd:48.3,Bpos:114.7,Bstd:51.8,StrandBias:-0.3,Multiplicity:1.00
0.997	0.001	0.001	0.001
0.001	0.001	0.001	0.997
0.001	0.001	0.001	0.997
0.001	0.001	0.001	0.997
0.997	0.001	0.001	0.001
0.997	0.001	0.001	0.001
0.793	0.001	0.205	0.001
0.001	0.997	0.001	0.001
0.001	0.997	0.001	0.001
0.001	0.001	0.001	0.997
>CAAAGCTGCT	20-CAAAGCTGCT	10.296193	-264.732656	0	T:349.0(0.39%),B:72.4(0.08%),P:1e-114	Tpos:101.1,Tstd:39.7,Bpos:103.2,Bstd:65.0,StrandBias:0.2,Multiplicity:1.00
0.100	0.700	0.100	0.100
0.700	0.100	0.100	0.100
0.700	0.100	0.100	0.100
0.700	0.100	0.100	0.100
0.100	0.100	0.700	0.100
0.100	0.700	0.100	0.100
0.100	0.100	0.100	0.700
0.100	0.100	0.700	0.100
0.100	0.700	0.100	0.100
0.100	0.100	0.100	0.700
>GAGTTCTTGC	21-GAGTTCTTGC	10.296193	-261.371580	0	T:295.0(0.33%),B:52.9(0.06%),P:1e-113	Tpos:103.7,Tstd:31.0,Bpos:116.4,Bstd:58.0,StrandBias:0.1,Multiplicity:1.00
0.100	0.100	0.700	0.100
0.700	0.100	0.100	0.100
0.100	0.100	0.700	0.100
0.100	0.100	0.100	0.700
0.100	0.100	0.100	0.700
0.100	0.700	0.100	0.100
0.100	0.100	0.100	0.700
0.100	0.100	0.100	0.700
0.100	0.100	0.700	0.100
0.100	0.700	0.100	0.100
>ATAAGTGACC	22-ATAAGTGACC	10.778294	-258.970212	0	T:299.0(0.33%),B:54.4(0.06%),P:1e-112	Tpos:115.0,Tstd:44.9,Bpos:96.9,Bstd:52.9,StrandBias:1.2,Multiplicity:1.00
0.997	0.001	0.001	0.001
0.001	0.001	0.001	0.997
0.997	0.001	0.001	0.001
0.997	0.001	0.001	0.001
0.001	0.001	0.997	0.001
0.001	0.001	0.001	0.997
0.001	0.001	0.997	0.001
0.951	0.047	0.001	0.001
0.001	0.997	0.001	0.001
0.001	0.997	0.001	0.001
>ATATCACTTT	23-ATATCACTTT	10.296193	-249.601290	0	T:263.0(0.29%),B:43.3(0.05%),P:1e-108	Tpos:103.2,Tstd:29.5,Bpos:82.2,Bstd:57.6,StrandBias:1.7,Multiplicity:1.00
0.700	0.100	0.100	0.100
0.100	0.100	0.100	0.700
0.700	0.100	0.100	0.100
0.100	0.100	0.100	0.700
0.100	0.700	0.100	0.100
0.700	0.100	0.100	0.100
0.100	0.700	0.100	0.100
0.100	0.100	0.100	0.700
0.100	0.100	0.100	0.700
0.100	0.100	0.100	0.700
>AATTCGACCA	24-AATTCGACCA	11.238191	-249.591457	0	T:233.0(0.26%),B:33.8(0.04%),P:1e-108	Tpos:75.1,Tstd:47.8,Bpos:97.0,Bstd:54.7,StrandBias:1.3,Multiplicity:1.00
0.938	0.002	0.039	0.021
0.930	0.015	0.017	0.038
0.002	0.088	0.111	0.799
0.009	0.047	0.101	0.843
0.001	0.963	0.035	0.001
0.015	0.273	0.459	0.254
0.864	0.024	0.001	0.111
0.036	0.898	0.036	0.030
0.390	0.570	0.023	0.017
0.922	0.053	0.009	0.016
>CKAACCCTAA	25-CKAACCCTAA	8.206810	-52.412396	0	T:108.0(0.12%),B:33.8(0.04%),P:1e-22	Tpos:96.4,Tstd:48.5,Bpos:91.7,Bstd:43.7,StrandBias:-0.9,Multiplicity:10.17
0.217	0.434	0.111	0.238
0.022	0.182	0.342	0.454
0.693	0.037	0.051	0.219
0.506	0.265	0.044	0.185
0.081	0.825	0.069	0.025
0.034	0.609	0.117	0.240
0.022	0.803	0.152	0.023
0.248	0.050	0.110	0.592
0.651	0.254	0.045	0.050
0.432	0.271	0.250	0.047
