>ACTTCCTC	1-ACTTCCTC	6.633829	-46952.533669	0	T:52555.0(58.74%),B:12282.1(14.40%),P:1e-20391	Tpos:99.5,Tstd:36.9,Bpos:100.1,Bstd:69.5,StrandBias:-0.1,Multiplicity:1.40
0.838	0.001	0.042	0.119
0.001	0.900	0.074	0.025
0.001	0.001	0.001	0.997
0.001	0.001	0.001	0.997
0.001	0.997	0.001	0.001
0.001	0.997	0.001	0.001
0.001	0.121	0.013	0.865
0.018	0.789	0.106	0.087
>MGGAASYG	2-MGGAASYG	5.531578	-35264.334431	0	T:45213.0(50.53%),B:11421.5(13.39%),P:1e-15315	Tpos:99.8,Tstd:46.2,Bpos:101.0,Bstd:63.8,StrandBias:-0.0,Multiplicity:1.09
0.427	0.481	0.091	0.001
0.001	0.001	0.997	0.001
0.001	0.001	0.997	0.001
0.997	0.001	0.001	0.001
0.997	0.001	0.001	0.001
0.089	0.481	0.428	0.001
0.001	0.515	0.001	0.483
0.001	0.001	0.997	0.001
>WGMGGAAS	3-WGMGGAAS	5.619127	-32373.124230	0	T:75332.0(84.19%),B:36740.1(43.07%),P:1e-14059	Tpos:99.8,Tstd:51.5,Bpos:100.1,Bstd:74.7,StrandBias:0.0,Multiplicity:1.43
0.411	0.030	0.219	0.341
0.282	0.156	0.561	0.001
0.450	0.397	0.152	0.001
0.056	0.001	0.942	0.001
0.031	0.001	0.922	0.046
0.997	0.001	0.001	0.001
0.997	0.001	0.001	0.001
0.041	0.519	0.422	0.018
>TTCCYBTT	4-TTCCYBTT	8.160645	-20848.873123	0	T:29835.0(33.34%),B:7570.3(8.87%),P:1e-9054	Tpos:99.4,Tstd:44.1,Bpos:99.7,Bstd:70.7,StrandBias:-0.1,Multiplicity:1.32
0.001	0.001	0.001	0.997
0.040	0.009	0.001	0.950
0.005	0.870	0.002	0.123
0.001	0.997	0.001	0.001
0.070	0.375	0.187	0.369
0.029	0.341	0.375	0.256
0.095	0.089	0.061	0.755
0.016	0.063	0.024	0.897
>TTCCKCYT	5-TTCCKCYT	6.822391	-13640.189586	0	T:25110.0(28.06%),B:7592.2(8.90%),P:1e-5923	Tpos:98.9,Tstd:50.0,Bpos:99.8,Bstd:68.9,StrandBias:-0.1,Multiplicity:1.19
0.001	0.135	0.030	0.834
0.225	0.046	0.011	0.718
0.033	0.764	0.114	0.089
0.010	0.559	0.105	0.326
0.208	0.073	0.432	0.287
0.040	0.805	0.137	0.018
0.174	0.310	0.167	0.349
0.023	0.177	0.026	0.774
>GCGGAAGT	6-GCGGAAGT	7.298732	-12439.178640	0	T:21984.0(24.57%),B:6353.4(7.45%),P:1e-5402	Tpos:100.4,Tstd:42.5,Bpos:98.8,Bstd:65.0,StrandBias:0.0,Multiplicity:1.12
0.254	0.247	0.498	0.001
0.001	0.620	0.378	0.001
0.223	0.001	0.775	0.001
0.001	0.001	0.997	0.001
0.997	0.001	0.001	0.001
0.927	0.001	0.001	0.071
0.196	0.029	0.774	0.001
0.070	0.346	0.062	0.522
>KGGAAGTG	7-KGGAAGTG	8.120666	-9417.144264	0	T:17104.0(19.12%),B:4931.7(5.78%),P:1e-4089	Tpos:100.1,Tstd:45.4,Bpos:99.8,Bstd:64.1,StrandBias:0.0,Multiplicity:1.05
0.001	0.001	0.569	0.429
0.315	0.001	0.683	0.001
0.001	0.001	0.783	0.215
0.997	0.001	0.001	0.001
0.997	0.001	0.001	0.001
0.097	0.001	0.901	0.001
0.001	0.097	0.001	0.901
0.260	0.209	0.530	0.001
>TGAGTCAY	8-TGAGTCAY	7.129393	-2564.655550	0	T:9637.0(10.77%),B:4137.3(4.85%),P:1e-1113	Tpos:99.1,Tstd:51.6,Bpos:99.6,Bstd:61.0,StrandBias:-0.0,Multiplicity:1.08
0.007	0.003	0.001	0.989
0.002	0.017	0.763	0.218
0.728	0.163	0.048	0.061
0.030	0.403	0.566	0.001
0.065	0.057	0.042	0.836
0.120	0.866	0.001	0.013
0.997	0.001	0.001	0.001
0.121	0.297	0.164	0.418
>AAGTGAAA	9-AAGTGAAA	8.309962	-2266.145510	0	T:6441.0(7.20%),B:2375.0(2.78%),P:1e-984	Tpos:99.9,Tstd:53.9,Bpos:96.8,Bstd:65.2,StrandBias:-0.2,Multiplicity:1.05
0.946	0.052	0.001	0.001
0.536	0.139	0.183	0.142
0.001	0.381	0.588	0.030
0.001	0.147	0.102	0.750
0.001	0.001	0.997	0.001
0.963	0.035	0.001	0.001
0.461	0.239	0.001	0.299
0.967	0.001	0.031	0.001
>TTRYGCAA	10-TTRYGCAA	5.942446	-1858.650389	0	T:15080.0(16.85%),B:8690.4(10.19%),P:1e-807	Tpos:99.2,Tstd:53.6,Bpos:99.2,Bstd:60.3,StrandBias:0.0,Multiplicity:1.12
0.008	0.007	0.011	0.974
0.024	0.001	0.154	0.821
0.353	0.090	0.385	0.172
0.101	0.421	0.056	0.423
0.145	0.032	0.802	0.021
0.097	0.784	0.026	0.093
0.929	0.022	0.016	0.033
0.916	0.004	0.023	0.057
>TGACGTAA	11-TGACGTAA	6.730961	-1199.242721	0	T:12808.0(14.31%),B:7883.6(9.24%),P:1e-520	Tpos:98.5,Tstd:56.2,Bpos:99.9,Bstd:59.7,StrandBias:-0.0,Multiplicity:1.08
0.001	0.001	0.001	0.997
0.001	0.001	0.997	0.001
0.612	0.001	0.001	0.386
0.001	0.604	0.001	0.394
0.348	0.004	0.647	0.001
0.225	0.266	0.001	0.508
0.675	0.288	0.001	0.036
0.883	0.001	0.024	0.092
>GTCACRTG	12-GTCACRTG	6.180868	-882.251885	0	T:12461.0(13.93%),B:8153.4(9.56%),P:1e-383	Tpos:99.8,Tstd:54.1,Bpos:99.4,Bstd:57.9,StrandBias:0.0,Multiplicity:1.12
0.279	0.001	0.719	0.001
0.001	0.001	0.001	0.997
0.001	0.706	0.292	0.001
0.997	0.001	0.001	0.001
0.001	0.722	0.001	0.276
0.554	0.001	0.444	0.001
0.001	0.001	0.001	0.997
0.001	0.285	0.713	0.001
>ASAGAAST	13-ASAGAAST	4.682136	-810.408372	0	T:11173.0(12.49%),B:7256.5(8.51%),P:1e-351	Tpos:100.9,Tstd:53.3,Bpos:98.2,Bstd:63.3,StrandBias:0.0,Multiplicity:1.06
0.991	0.001	0.007	0.001
0.001	0.426	0.572	0.001
0.997	0.001	0.001	0.001
0.001	0.001	0.997	0.001
0.997	0.001	0.001	0.001
0.997	0.001	0.001	0.001
0.001	0.561	0.437	0.001
0.001	0.001	0.001	0.997
>TGTGGTYW	14-TGTGGTYW	7.361211	-748.483925	0	T:7402.0(8.27%),B:4418.7(5.18%),P:1e-325	Tpos:98.9,Tstd:54.3,Bpos:98.3,Bstd:57.7,StrandBias:-0.0,Multiplicity:1.05
0.187	0.037	0.001	0.775
0.001	0.001	0.997	0.001
0.001	0.042	0.001	0.956
0.001	0.243	0.755	0.001
0.001	0.162	0.836	0.001
0.077	0.084	0.001	0.838
0.127	0.355	0.134	0.385
0.496	0.001	0.050	0.453
>AGRGGGCG	15-AGRGGGCG	7.927445	-517.052134	0	T:4460.0(4.98%),B:2551.4(2.99%),P:1e-224	Tpos:100.0,Tstd:50.3,Bpos:99.7,Bstd:60.9,StrandBias:-0.0,Multiplicity:1.05
0.997	0.001	0.001	0.001
0.001	0.001	0.997	0.001
0.475	0.001	0.460	0.064
0.001	0.001	0.673	0.325
0.001	0.001	0.997	0.001
0.001	0.001	0.997	0.001
0.001	0.997	0.001	0.001
0.001	0.001	0.997	0.001
>GCCCCGCC	16-GCCCCGCC	6.996589	-462.708754	0	T:7961.0(8.90%),B:5370.9(6.30%),P:1e-200	Tpos:99.9,Tstd:54.4,Bpos:94.8,Bstd:61.6,StrandBias:0.0,Multiplicity:1.36
0.053	0.001	0.945	0.001
0.039	0.764	0.042	0.155
0.001	0.859	0.001	0.139
0.115	0.883	0.001	0.001
0.001	0.997	0.001	0.001
0.062	0.001	0.936	0.001
0.001	0.997	0.001	0.001
0.001	0.997	0.001	0.001
>CGCGGTAT	17-CGCGGTAT	8.236954	-460.519821	0	T:266.0(0.30%),B:18.2(0.02%),P:1e-199	Tpos:109.0,Tstd:41.8,Bpos:127.6,Bstd:61.0,StrandBias:0.3,Multiplicity:1.00
0.100	0.700	0.100	0.100
0.100	0.100	0.700	0.100
0.100	0.700	0.100	0.100
0.100	0.100	0.700	0.100
0.100	0.100	0.700	0.100
0.100	0.100	0.100	0.700
0.700	0.100	0.100	0.100
0.100	0.100	0.100	0.700
>TGCCACAT	18-TGCCACAT	7.757352	-329.591722	0	T:5036.0(5.63%),B:3305.7(3.88%),P:1e-143	Tpos:100.8,Tstd:54.4,Bpos:100.0,Bstd:57.6,StrandBias:-0.1,Multiplicity:1.07
0.001	0.083	0.001	0.915
0.001	0.201	0.585	0.213
0.285	0.644	0.070	0.001
0.001	0.997	0.001	0.001
0.541	0.358	0.012	0.089
0.160	0.696	0.001	0.143
0.805	0.144	0.001	0.050
0.001	0.001	0.001	0.997
>ACCACTAG	19-ACCACTAG	10.150528	-275.087193	0	T:1324.0(1.48%),B:619.9(0.73%),P:1e-119	Tpos:100.0,Tstd:51.0,Bpos:100.5,Bstd:61.0,StrandBias:-0.1,Multiplicity:1.02
0.599	0.001	0.399	0.001
0.001	0.997	0.001	0.001
0.001	0.997	0.001	0.001
0.997	0.001	0.001	0.001
0.001	0.997	0.001	0.001
0.001	0.001	0.001	0.997
0.997	0.001	0.001	0.001
0.001	0.001	0.997	0.001
>TTACTCAA	20-TTACTCAA	9.371053	-255.483078	0	T:1435.0(1.60%),B:712.5(0.84%),P:1e-110	Tpos:101.7,Tstd:51.2,Bpos:102.3,Bstd:57.7,StrandBias:-0.0,Multiplicity:1.01
0.001	0.001	0.001	0.997
0.001	0.001	0.001	0.997
0.997	0.001	0.001	0.001
0.001	0.997	0.001	0.001
0.001	0.183	0.001	0.815
0.001	0.997	0.001	0.001
0.997	0.001	0.001	0.001
0.997	0.001	0.001	0.001
>GCTAATAC	21-GCTAATAC	8.236954	-229.224434	0	T:563.0(0.63%),B:188.4(0.22%),P:1e-99	Tpos:84.2,Tstd:59.3,Bpos:102.9,Bstd:57.6,StrandBias:-0.8,Multiplicity:1.00
0.100	0.100	0.700	0.100
0.100	0.700	0.100	0.100
0.100	0.100	0.100	0.700
0.700	0.100	0.100	0.100
0.700	0.100	0.100	0.100
0.100	0.100	0.100	0.700
0.700	0.100	0.100	0.100
0.100	0.700	0.100	0.100
>CATTACGC	22-CATTACGC	8.236954	-224.848746	0	T:246.0(0.27%),B:42.9(0.05%),P:1e-97	Tpos:89.2,Tstd:63.2,Bpos:82.4,Bstd:64.2,StrandBias:0.4,Multiplicity:1.00
0.100	0.700	0.100	0.100
0.700	0.100	0.100	0.100
0.100	0.100	0.100	0.700
0.100	0.100	0.100	0.700
0.700	0.100	0.100	0.100
0.100	0.700	0.100	0.100
0.100	0.100	0.700	0.100
0.100	0.700	0.100	0.100
>AATTCGAC	23-AATTCGAC	8.236954	-167.047593	0	T:272.0(0.30%),B:68.6(0.08%),P:1e-72	Tpos:77.0,Tstd:50.8,Bpos:90.6,Bstd:61.8,StrandBias:1.2,Multiplicity:1.00
0.700	0.100	0.100	0.100
0.700	0.100	0.100	0.100
0.100	0.100	0.100	0.700
0.100	0.100	0.100	0.700
0.100	0.700	0.100	0.100
0.100	0.100	0.700	0.100
0.700	0.100	0.100	0.100
0.100	0.700	0.100	0.100
>CGTGACAT	24-CGTGACAT	8.236954	-154.910103	0	T:407.0(0.45%),B:142.3(0.17%),P:1e-67	Tpos:101.9,Tstd:45.8,Bpos:82.3,Bstd:62.1,StrandBias:0.3,Multiplicity:1.00
0.100	0.700	0.100	0.100
0.100	0.100	0.700	0.100
0.100	0.100	0.100	0.700
0.100	0.100	0.700	0.100
0.700	0.100	0.100	0.100
0.100	0.700	0.100	0.100
0.700	0.100	0.100	0.100
0.100	0.100	0.100	0.700
>TAGGGTTA	25-TAGGGTTA	8.236954	-8.134276	0	T:364.0(0.41%),B:288.1(0.34%),P:1e-3	Tpos:97.2,Tstd:52.1,Bpos:94.9,Bstd:57.7,StrandBias:0.6,Multiplicity:3.89
0.100	0.100	0.100	0.700
0.700	0.100	0.100	0.100
0.100	0.100	0.700	0.100
0.100	0.100	0.700	0.100
0.100	0.100	0.700	0.100
0.100	0.100	0.100	0.700
0.100	0.100	0.100	0.700
0.700	0.100	0.100	0.100
