>ACTTCCTCTT	1-ACTTCCTCTT	7.092228	-62901.408007	0	T:55101.0(63.76%),B:10230.6(12.32%),P:1e-27317	Tpos:102.6,Tstd:31.4,Bpos:100.2,Bstd:66.6,StrandBias:-0.0,Multiplicity:1.27
0.898	0.001	0.064	0.037
0.001	0.819	0.146	0.034
0.001	0.001	0.001	0.997
0.001	0.001	0.001	0.997
0.001	0.987	0.001	0.011
0.001	0.931	0.001	0.067
0.012	0.278	0.083	0.627
0.027	0.617	0.189	0.167
0.268	0.175	0.029	0.528
0.146	0.191	0.071	0.592
>BRSTTCCBYN	2-BRSTTCCBYN	5.724639	-48631.938454	0	T:56026.0(64.83%),B:14189.2(17.09%),P:1e-21120	Tpos:101.7,Tstd:47.7,Bpos:100.3,Bstd:64.8,StrandBias:0.0,Multiplicity:1.03
0.203	0.356	0.223	0.218
0.425	0.001	0.325	0.249
0.001	0.408	0.383	0.208
0.001	0.001	0.252	0.746
0.065	0.001	0.123	0.811
0.001	0.997	0.001	0.001
0.071	0.615	0.011	0.303
0.125	0.257	0.330	0.288
0.156	0.410	0.165	0.269
0.323	0.198	0.233	0.247
>ADVVGGAAGY	3-ADVVGGAAGY	5.863368	-46388.376295	0	T:75367.0(87.21%),B:30989.1(37.33%),P:1e-20146	Tpos:101.3,Tstd:48.4,Bpos:99.2,Bstd:66.3,StrandBias:0.1,Multiplicity:1.28
0.433	0.116	0.260	0.191
0.351	0.122	0.240	0.287
0.276	0.251	0.360	0.113
0.329	0.351	0.314	0.005
0.204	0.050	0.734	0.012
0.009	0.071	0.919	0.001
0.969	0.001	0.001	0.029
0.902	0.001	0.001	0.096
0.217	0.234	0.548	0.001
0.174	0.350	0.002	0.474
>AAAGMGGAAG	4-AAAGMGGAAG	7.648851	-32427.297807	0	T:32027.0(37.06%),B:5753.7(6.93%),P:1e-14082	Tpos:102.4,Tstd:39.3,Bpos:100.8,Bstd:72.6,StrandBias:0.0,Multiplicity:1.18
0.604	0.066	0.261	0.069
0.750	0.070	0.102	0.078
0.628	0.071	0.143	0.158
0.149	0.196	0.595	0.060
0.361	0.401	0.185	0.053
0.082	0.033	0.859	0.026
0.086	0.047	0.843	0.024
0.889	0.040	0.038	0.033
0.843	0.034	0.075	0.048
0.102	0.265	0.588	0.045
>GGAAGTGAAA	5-GGAAGTGAAA	5.597483	-30633.062604	0	T:47685.0(55.18%),B:14713.5(17.72%),P:1e-13303	Tpos:101.7,Tstd:44.0,Bpos:99.4,Bstd:63.7,StrandBias:0.0,Multiplicity:1.14
0.004	0.001	0.994	0.001
0.001	0.001	0.997	0.001
0.997	0.001	0.001	0.001
0.997	0.001	0.001	0.001
0.185	0.226	0.588	0.001
0.006	0.115	0.009	0.870
0.012	0.003	0.984	0.001
0.501	0.204	0.240	0.055
0.488	0.136	0.185	0.191
0.537	0.123	0.166	0.174
>CTTCCKSTTT	6-CTTCCKSTTT	8.142870	-24569.427255	0	T:25193.0(29.15%),B:4527.3(5.45%),P:1e-10670	Tpos:101.3,Tstd:47.1,Bpos:99.0,Bstd:62.7,StrandBias:-0.1,Multiplicity:1.02
0.074	0.622	0.303	0.001
0.205	0.001	0.001	0.793
0.001	0.001	0.001	0.997
0.001	0.997	0.001	0.001
0.001	0.997	0.001	0.001
0.001	0.159	0.353	0.488
0.095	0.509	0.395	0.001
0.208	0.001	0.153	0.638
0.114	0.203	0.001	0.682
0.227	0.001	0.001	0.771
>AAWAGGGAAC	7-AAWAGGGAAC	8.297694	-3547.522725	0	T:6143.0(7.11%),B:1642.1(1.98%),P:1e-1540	Tpos:100.9,Tstd:46.9,Bpos:97.7,Bstd:65.9,StrandBias:0.1,Multiplicity:1.01
0.798	0.002	0.052	0.148
0.685	0.017	0.167	0.131
0.398	0.119	0.112	0.371
0.605	0.393	0.001	0.001
0.183	0.178	0.638	0.001
0.140	0.009	0.850	0.001
0.114	0.026	0.859	0.001
0.939	0.059	0.001	0.001
0.997	0.001	0.001	0.001
0.001	0.830	0.103	0.066
>STTCCTCCCC	8-STTCCTCCCC	9.422425	-3149.094502	0	T:8459.0(9.79%),B:3068.6(3.70%),P:1e-1367	Tpos:102.3,Tstd:47.3,Bpos:98.0,Bstd:71.1,StrandBias:-0.0,Multiplicity:1.07
0.001	0.411	0.544	0.044
0.001	0.001	0.001	0.997
0.001	0.001	0.001	0.997
0.001	0.997	0.001	0.001
0.001	0.820	0.001	0.178
0.001	0.001	0.023	0.975
0.001	0.718	0.139	0.142
0.001	0.764	0.001	0.234
0.001	0.511	0.158	0.330
0.232	0.595	0.140	0.033
>TTRCGYAATN	9-TTRCGYAATN	5.783843	-2577.561817	0	T:14661.0(16.96%),B:7621.4(9.18%),P:1e-1119	Tpos:100.0,Tstd:53.1,Bpos:99.0,Bstd:58.8,StrandBias:0.0,Multiplicity:1.12
0.023	0.016	0.002	0.959
0.007	0.003	0.375	0.615
0.356	0.084	0.367	0.193
0.071	0.566	0.091	0.272
0.158	0.050	0.697	0.095
0.170	0.462	0.028	0.340
0.826	0.156	0.002	0.016
0.970	0.004	0.006	0.020
0.060	0.277	0.134	0.529
0.271	0.321	0.207	0.201
>TGASTCATCN	10-TGASTCATCN	7.196024	-2504.504829	0	T:9731.0(11.26%),B:4280.8(5.16%),P:1e-1087	Tpos:100.5,Tstd:51.7,Bpos:99.4,Bstd:61.5,StrandBias:-0.0,Multiplicity:1.08
0.001	0.015	0.001	0.983
0.001	0.001	0.811	0.187
0.943	0.002	0.001	0.054
0.071	0.499	0.420	0.009
0.009	0.001	0.001	0.989
0.170	0.828	0.001	0.001
0.997	0.001	0.001	0.001
0.054	0.264	0.225	0.457
0.192	0.384	0.199	0.225
0.288	0.247	0.202	0.263
>CVGGAAGTHS	11-CVGGAAGTHS	8.069993	-2205.457949	0	T:5953.0(6.89%),B:2145.5(2.58%),P:1e-957	Tpos:100.3,Tstd:49.4,Bpos:96.4,Bstd:64.6,StrandBias:-0.0,Multiplicity:1.01
0.075	0.577	0.001	0.347
0.292	0.414	0.294	0.001
0.001	0.001	0.997	0.001
0.001	0.001	0.958	0.040
0.965	0.001	0.001	0.033
0.959	0.001	0.001	0.039
0.116	0.155	0.728	0.001
0.049	0.073	0.030	0.848
0.360	0.313	0.001	0.326
0.211	0.469	0.319	0.001
>CACYAGGGGG	12-CACYAGGGGG	8.880461	-1966.910473	0	T:4071.0(4.71%),B:1231.8(1.48%),P:1e-854	Tpos:102.4,Tstd:45.7,Bpos:99.6,Bstd:58.2,StrandBias:-0.1,Multiplicity:1.03
0.009	0.963	0.012	0.016
0.795	0.027	0.145	0.033
0.038	0.692	0.257	0.013
0.099	0.434	0.040	0.427
0.974	0.009	0.016	0.001
0.006	0.025	0.960	0.009
0.373	0.023	0.587	0.017
0.015	0.041	0.685	0.259
0.005	0.038	0.956	0.001
0.009	0.014	0.962	0.015
>GTTTCGGTTC	13-GTTTCGGTTC	8.373107	-1768.578511	0	T:3114.0(3.60%),B:833.7(1.00%),P:1e-768	Tpos:101.3,Tstd:47.6,Bpos:98.7,Bstd:63.8,StrandBias:0.2,Multiplicity:1.02
0.043	0.074	0.835	0.048
0.068	0.021	0.034	0.877
0.058	0.015	0.044	0.883
0.113	0.144	0.024	0.719
0.001	0.997	0.001	0.001
0.336	0.037	0.565	0.062
0.073	0.258	0.553	0.116
0.199	0.051	0.070	0.680
0.001	0.053	0.053	0.893
0.099	0.598	0.104	0.199
>SWAACCACAR	14-SWAACCACAR	7.896115	-814.278695	0	T:5658.0(6.55%),B:3066.5(3.69%),P:1e-353	Tpos:100.7,Tstd:54.4,Bpos:99.8,Bstd:57.0,StrandBias:0.0,Multiplicity:1.04
0.103	0.402	0.313	0.182
0.355	0.187	0.076	0.383
0.637	0.001	0.226	0.136
0.991	0.001	0.007	0.001
0.001	0.997	0.001	0.001
0.001	0.997	0.001	0.001
0.848	0.001	0.150	0.001
0.018	0.944	0.001	0.037
0.806	0.034	0.083	0.077
0.342	0.125	0.426	0.107
>VTGHSRTSAB	15-VTGHSRTSAB	5.231390	-756.683667	0	T:5795.0(6.71%),B:3237.3(3.90%),P:1e-328	Tpos:101.0,Tstd:53.1,Bpos:99.5,Bstd:58.0,StrandBias:0.0,Multiplicity:1.04
0.320	0.266	0.304	0.111
0.083	0.322	0.098	0.497
0.188	0.207	0.575	0.030
0.333	0.225	0.083	0.359
0.003	0.500	0.374	0.123
0.346	0.002	0.460	0.192
0.280	0.030	0.132	0.558
0.161	0.439	0.303	0.096
0.598	0.016	0.013	0.373
0.015	0.341	0.327	0.318
>GTCACATGAC	16-GTCACATGAC	7.894719	-730.042954	0	T:3590.0(4.15%),B:1712.6(2.06%),P:1e-317	Tpos:99.2,Tstd:53.3,Bpos:99.8,Bstd:57.2,StrandBias:0.1,Multiplicity:1.04
0.321	0.079	0.555	0.045
0.089	0.085	0.059	0.767
0.009	0.971	0.014	0.006
0.852	0.064	0.013	0.071
0.009	0.894	0.033	0.064
0.817	0.019	0.154	0.010
0.092	0.009	0.001	0.898
0.015	0.044	0.929	0.012
0.622	0.115	0.213	0.050
0.011	0.642	0.050	0.297
>RGCYMCGCCC	17-RGCYMCGCCC	7.057176	-700.892934	0	T:7527.0(8.71%),B:4625.2(5.57%),P:1e-304	Tpos:101.3,Tstd:54.4,Bpos:94.2,Bstd:60.9,StrandBias:0.0,Multiplicity:1.34
0.337	0.111	0.361	0.191
0.253	0.037	0.550	0.160
0.123	0.500	0.131	0.246
0.231	0.427	0.029	0.313
0.398	0.544	0.009	0.049
0.105	0.853	0.020	0.022
0.170	0.012	0.719	0.099
0.008	0.973	0.007	0.012
0.020	0.925	0.042	0.013
0.035	0.676	0.031	0.258
>GTTCTCCTTT	18-GTTCTCCTTT	10.877460	-490.382766	0	T:1028.0(1.19%),B:311.3(0.37%),P:1e-212	Tpos:100.9,Tstd:44.7,Bpos:97.4,Bstd:66.9,StrandBias:-0.1,Multiplicity:1.00
0.001	0.001	0.997	0.001
0.001	0.001	0.001	0.997
0.001	0.001	0.001	0.997
0.001	0.997	0.001	0.001
0.001	0.001	0.001	0.997
0.001	0.616	0.382	0.001
0.084	0.772	0.026	0.118
0.001	0.001	0.001	0.997
0.001	0.001	0.001	0.997
0.001	0.001	0.001	0.997
>CTATTTWTAG	19-CTATTTWTAG	8.707376	-379.022115	0	T:1979.0(2.29%),B:963.7(1.16%),P:1e-164	Tpos:99.5,Tstd:57.0,Bpos:101.0,Bstd:61.1,StrandBias:-0.0,Multiplicity:1.02
0.081	0.845	0.001	0.073
0.001	0.001	0.001	0.997
0.997	0.001	0.001	0.001
0.096	0.001	0.001	0.902
0.035	0.085	0.001	0.879
0.077	0.001	0.080	0.842
0.428	0.109	0.018	0.444
0.106	0.076	0.128	0.690
0.617	0.001	0.381	0.001
0.073	0.098	0.800	0.029
>AGCGCCACCT	20-AGCGCCACCT	11.765336	-286.851706	0	T:389.0(0.45%),B:83.4(0.10%),P:1e-124	Tpos:108.8,Tstd:42.7,Bpos:98.5,Bstd:65.3,StrandBias:0.1,Multiplicity:1.03
0.997	0.001	0.001	0.001
0.001	0.001	0.997	0.001
0.001	0.997	0.001	0.001
0.001	0.001	0.997	0.001
0.254	0.744	0.001	0.001
0.001	0.997	0.001	0.001
0.829	0.169	0.001	0.001
0.001	0.997	0.001	0.001
0.001	0.997	0.001	0.001
0.001	0.001	0.001	0.997
>ACTTCTCBAA	21-ACTTCTCBAA	8.734578	-228.291752	0	T:1431.0(1.66%),B:744.9(0.90%),P:1e-99	Tpos:101.8,Tstd:51.9,Bpos:95.2,Bstd:63.6,StrandBias:0.1,Multiplicity:1.01
0.935	0.063	0.001	0.001
0.017	0.775	0.158	0.050
0.064	0.020	0.025	0.891
0.032	0.001	0.068	0.899
0.051	0.922	0.001	0.026
0.001	0.069	0.016	0.914
0.028	0.812	0.045	0.115
0.155	0.313	0.336	0.196
0.729	0.004	0.099	0.168
0.573	0.316	0.049	0.062
>TWCATAACAG	22-TWCATAACAG	10.085599	-175.708045	0	T:823.0(0.95%),B:384.2(0.46%),P:1e-76	Tpos:99.7,Tstd:62.0,Bpos:96.5,Bstd:56.0,StrandBias:-0.1,Multiplicity:1.03
0.001	0.001	0.260	0.738
0.564	0.001	0.001	0.434
0.001	0.790	0.001	0.208
0.872	0.001	0.126	0.001
0.001	0.001	0.001	0.997
0.785	0.212	0.001	0.002
0.997	0.001	0.001	0.001
0.001	0.997	0.001	0.001
0.617	0.001	0.001	0.381
0.001	0.001	0.997	0.001
>ATTTCTGCTT	23-ATTTCTGCTT	11.883974	-138.201326	0	T:312.0(0.36%),B:100.7(0.12%),P:1e-60	Tpos:99.3,Tstd:54.4,Bpos:104.4,Bstd:55.1,StrandBias:-0.1,Multiplicity:1.00
0.997	0.001	0.001	0.001
0.001	0.001	0.001	0.997
0.001	0.001	0.001	0.997
0.001	0.001	0.001	0.997
0.001	0.997	0.001	0.001
0.001	0.001	0.001	0.997
0.001	0.001	0.997	0.001
0.001	0.856	0.142	0.001
0.001	0.001	0.001	0.997
0.001	0.001	0.001	0.997
>ACTTCSTTGC	24-ACTTCSTTGC	10.542258	-128.090235	0	T:649.0(0.75%),B:313.7(0.38%),P:1e-55	Tpos:97.3,Tstd:56.4,Bpos:101.9,Bstd:60.8,StrandBias:-0.1,Multiplicity:1.01
0.476	0.224	0.299	0.001
0.001	0.997	0.001	0.001
0.001	0.001	0.001	0.997
0.001	0.001	0.224	0.774
0.001	0.997	0.001	0.001
0.001	0.538	0.460	0.001
0.001	0.001	0.001	0.997
0.001	0.001	0.001	0.997
0.001	0.001	0.997	0.001
0.248	0.750	0.001	0.001
>TGCGCMTGCG	25-TGCGCMTGCG	9.053868	-90.593437	0	T:927.0(1.07%),B:559.1(0.67%),P:1e-39	Tpos:98.5,Tstd:53.8,Bpos:92.7,Bstd:62.3,StrandBias:0.1,Multiplicity:1.11
0.089	0.086	0.218	0.607
0.276	0.009	0.681	0.034
0.126	0.872	0.001	0.001
0.001	0.001	0.952	0.046
0.001	0.604	0.001	0.394
0.426	0.485	0.001	0.088
0.088	0.001	0.119	0.792
0.001	0.001	0.966	0.032
0.049	0.949	0.001	0.001
0.001	0.001	0.874	0.124
