>ACTTCCTC	1-ACTTCCTC	6.785875	-51339.715375	0	T:45429.0(52.57%),B:7868.4(9.48%),P:1e-22296	Tpos:102.6,Tstd:29.4,Bpos:99.4,Bstd:65.1,StrandBias:-0.0,Multiplicity:1.16
0.997	0.001	0.001	0.001
0.001	0.911	0.087	0.001
0.001	0.001	0.001	0.997
0.001	0.001	0.001	0.997
0.001	0.997	0.001	0.001
0.001	0.997	0.001	0.001
0.001	0.142	0.020	0.837
0.001	0.753	0.140	0.106
>CACTTCCY	2-CACTTCCY	6.433800	-46161.222927	0	T:62664.0(72.51%),B:19556.9(23.56%),P:1e-20047	Tpos:101.9,Tstd:42.8,Bpos:99.1,Bstd:63.7,StrandBias:-0.0,Multiplicity:1.17
0.126	0.620	0.121	0.133
0.685	0.001	0.265	0.049
0.001	0.643	0.262	0.094
0.010	0.001	0.012	0.977
0.001	0.005	0.001	0.993
0.001	0.997	0.001	0.001
0.007	0.750	0.001	0.242
0.001	0.412	0.258	0.328
>GCTTCCTC	3-GCTTCCTC	6.497421	-29625.712120	0	T:49063.0(56.77%),B:16020.8(19.30%),P:1e-12866	Tpos:101.4,Tstd:47.8,Bpos:100.4,Bstd:67.1,StrandBias:-0.0,Multiplicity:1.20
0.298	0.017	0.522	0.163
0.008	0.693	0.152	0.147
0.053	0.020	0.089	0.838
0.009	0.103	0.021	0.867
0.053	0.941	0.005	0.001
0.032	0.871	0.032	0.065
0.190	0.145	0.151	0.514
0.006	0.755	0.104	0.135
>GTTCCGCC	4-GTTCCGCC	5.512605	-23833.945691	0	T:44079.0(51.00%),B:15062.8(18.14%),P:1e-10350	Tpos:101.5,Tstd:47.5,Bpos:98.6,Bstd:68.5,StrandBias:-0.0,Multiplicity:1.12
0.027	0.092	0.880	0.001
0.026	0.003	0.001	0.970
0.001	0.002	0.001	0.996
0.028	0.970	0.001	0.001
0.001	0.997	0.001	0.001
0.002	0.001	0.698	0.299
0.001	0.907	0.051	0.041
0.214	0.514	0.001	0.271
>TTCCTCTT	5-TTCCTCTT	6.557005	-23384.869144	0	T:29931.0(34.63%),B:6962.5(8.39%),P:1e-10155	Tpos:102.6,Tstd:39.8,Bpos:99.7,Bstd:70.9,StrandBias:-0.0,Multiplicity:1.34
0.001	0.001	0.001	0.997
0.001	0.001	0.001	0.997
0.001	0.997	0.001	0.001
0.001	0.997	0.001	0.001
0.001	0.126	0.014	0.859
0.001	0.845	0.153	0.001
0.076	0.001	0.001	0.922
0.001	0.001	0.001	0.997
>VCGGAACY	6-VCGGAACY	5.251945	-18581.529461	0	T:60295.0(69.77%),B:31049.1(37.40%),P:1e-8069	Tpos:101.2,Tstd:52.3,Bpos:99.2,Bstd:64.5,StrandBias:0.0,Multiplicity:1.16
0.367	0.361	0.271	0.001
0.105	0.638	0.256	0.001
0.033	0.001	0.965	0.001
0.001	0.011	0.860	0.128
0.997	0.001	0.001	0.001
0.997	0.001	0.001	0.001
0.204	0.492	0.286	0.017
0.178	0.408	0.001	0.413
>TTCCGCTT	7-TTCCGCTT	6.538809	-16152.192045	0	T:28165.0(32.59%),B:8415.0(10.14%),P:1e-7014	Tpos:101.0,Tstd:48.1,Bpos:97.3,Bstd:71.8,StrandBias:-0.0,Multiplicity:1.13
0.001	0.242	0.001	0.756
0.012	0.036	0.020	0.932
0.028	0.748	0.193	0.031
0.001	0.635	0.050	0.314
0.020	0.289	0.484	0.206
0.012	0.443	0.293	0.252
0.092	0.295	0.020	0.593
0.037	0.210	0.023	0.730
>TGACTCAT	8-TGACTCAT	5.923676	-2349.969116	0	T:10108.0(11.70%),B:4653.6(5.61%),P:1e-1020	Tpos:100.4,Tstd:52.4,Bpos:98.7,Bstd:62.3,StrandBias:0.0,Multiplicity:1.09
0.001	0.004	0.001	0.994
0.001	0.001	0.986	0.012
0.997	0.001	0.001	0.001
0.031	0.680	0.259	0.030
0.015	0.001	0.001	0.983
0.035	0.963	0.001	0.001
0.997	0.001	0.001	0.001
0.035	0.150	0.158	0.657
>AGGAAGAG	9-AGGAAGAG	9.527543	-2274.079211	0	T:9989.0(11.56%),B:4637.8(5.59%),P:1e-987	Tpos:101.8,Tstd:50.3,Bpos:102.3,Bstd:67.2,StrandBias:-0.0,Multiplicity:1.04
0.997	0.001	0.001	0.001
0.001	0.001	0.997	0.001
0.001	0.001	0.997	0.001
0.997	0.001	0.001	0.001
0.997	0.001	0.001	0.001
0.001	0.214	0.784	0.001
0.997	0.001	0.001	0.001
0.001	0.001	0.997	0.001
>AACCGAAA	10-AACCGAAA	7.705683	-1734.467799	0	T:6459.0(7.47%),B:2756.1(3.32%),P:1e-753	Tpos:100.6,Tstd:55.0,Bpos:98.2,Bstd:65.5,StrandBias:-0.0,Multiplicity:1.04
0.997	0.001	0.001	0.001
0.656	0.001	0.001	0.342
0.001	0.533	0.296	0.170
0.001	0.688	0.016	0.295
0.001	0.001	0.997	0.001
0.863	0.135	0.001	0.001
0.898	0.100	0.001	0.001
0.768	0.230	0.001	0.001
>GGAGAAGT	11-GGAGAAGT	9.304163	-1693.622870	0	T:6840.0(7.91%),B:3032.6(3.65%),P:1e-735	Tpos:102.0,Tstd:50.1,Bpos:98.8,Bstd:65.0,StrandBias:-0.0,Multiplicity:1.02
0.256	0.029	0.714	0.001
0.001	0.239	0.759	0.001
0.997	0.001	0.001	0.001
0.001	0.001	0.997	0.001
0.997	0.001	0.001	0.001
0.997	0.001	0.001	0.001
0.001	0.001	0.997	0.001
0.001	0.001	0.001	0.997
>TTGTGCAA	12-TTGTGCAA	6.616922	-1434.730001	0	T:9875.0(11.43%),B:5393.3(6.50%),P:1e-623	Tpos:99.9,Tstd:53.9,Bpos:99.6,Bstd:60.6,StrandBias:-0.0,Multiplicity:1.08
0.001	0.001	0.001	0.997
0.001	0.001	0.124	0.874
0.320	0.027	0.487	0.165
0.001	0.093	0.001	0.905
0.001	0.001	0.964	0.034
0.031	0.839	0.001	0.129
0.997	0.001	0.001	0.001
0.997	0.001	0.001	0.001
>CGTSAYYT	13-CGTSAYYT	1.684367	-1296.056127	0	T:34056.0(39.41%),B:25926.3(31.23%),P:1e-562	Tpos:100.1,Tstd:56.0,Bpos:99.9,Bstd:59.6,StrandBias:0.0,Multiplicity:1.23
0.001	0.629	0.001	0.369
0.001	0.001	0.997	0.001
0.001	0.001	0.001	0.997
0.001	0.431	0.567	0.001
0.718	0.001	0.280	0.001
0.001	0.557	0.001	0.441
0.186	0.464	0.001	0.349
0.418	0.001	0.001	0.580
>TGYGTCAT	14-TGYGTCAT	7.168674	-1084.768883	0	T:6929.0(8.02%),B:3665.7(4.42%),P:1e-471	Tpos:98.9,Tstd:57.0,Bpos:100.7,Bstd:61.5,StrandBias:-0.0,Multiplicity:1.02
0.102	0.100	0.066	0.732
0.186	0.001	0.590	0.223
0.221	0.380	0.001	0.399
0.001	0.046	0.952	0.001
0.001	0.001	0.046	0.952
0.001	0.997	0.001	0.001
0.934	0.001	0.064	0.001
0.001	0.001	0.001	0.997
>TGWGGTMA	15-TGWGGTMA	2.839202	-1028.897694	0	T:15659.0(18.12%),B:10554.1(12.71%),P:1e-446	Tpos:99.3,Tstd:54.9,Bpos:98.6,Bstd:59.2,StrandBias:-0.0,Multiplicity:1.10
0.001	0.001	0.001	0.997
0.001	0.001	0.844	0.154
0.428	0.001	0.001	0.570
0.001	0.178	0.549	0.272
0.001	0.001	0.997	0.001
0.001	0.001	0.001	0.997
0.565	0.433	0.001	0.001
0.997	0.001	0.001	0.001
>GTCATGTG	16-GTCATGTG	7.231947	-692.739060	0	T:5762.0(6.67%),B:3297.3(3.97%),P:1e-300	Tpos:100.3,Tstd:55.0,Bpos:100.3,Bstd:58.1,StrandBias:-0.1,Multiplicity:1.03
0.076	0.001	0.922	0.001
0.001	0.001	0.001	0.997
0.001	0.997	0.001	0.001
0.997	0.001	0.001	0.001
0.001	0.235	0.001	0.763
0.111	0.058	0.830	0.001
0.001	0.019	0.092	0.888
0.001	0.001	0.997	0.001
>TTGAGCAA	17-TTGAGCAA	7.683789	-523.216033	0	T:4467.0(5.17%),B:2569.0(3.09%),P:1e-227	Tpos:100.2,Tstd:55.4,Bpos:98.5,Bstd:60.6,StrandBias:0.1,Multiplicity:1.03
0.001	0.001	0.001	0.997
0.001	0.001	0.001	0.997
0.230	0.001	0.662	0.107
0.807	0.001	0.191	0.001
0.001	0.001	0.997	0.001
0.001	0.935	0.001	0.063
0.997	0.001	0.001	0.001
0.997	0.001	0.001	0.001
>AAACCGCA	18-AAACCGCA	5.587485	-485.735563	0	T:14238.0(16.47%),B:10638.0(12.81%),P:1e-210	Tpos:100.3,Tstd:57.7,Bpos:100.4,Bstd:61.4,StrandBias:-0.0,Multiplicity:1.07
0.776	0.070	0.070	0.084
0.747	0.068	0.104	0.081
0.899	0.047	0.033	0.021
0.035	0.816	0.033	0.116
0.177	0.683	0.048	0.092
0.127	0.031	0.804	0.038
0.090	0.740	0.108	0.062
0.538	0.182	0.091	0.189
>AGGGGGCG	19-AGGGGGCG	6.251527	-458.081782	0	T:8739.0(10.11%),B:6063.0(7.30%),P:1e-198	Tpos:101.8,Tstd:52.3,Bpos:99.2,Bstd:58.7,StrandBias:-0.0,Multiplicity:1.05
0.997	0.001	0.001	0.001
0.001	0.001	0.997	0.001
0.423	0.001	0.575	0.001
0.001	0.001	0.676	0.322
0.001	0.001	0.997	0.001
0.001	0.001	0.997	0.001
0.001	0.997	0.001	0.001
0.059	0.001	0.939	0.001
>CCCCGCCC	20-CCCCGCCC	7.850225	-357.904347	0	T:5550.0(6.42%),B:3685.4(4.44%),P:1e-155	Tpos:101.1,Tstd:56.0,Bpos:96.1,Bstd:62.6,StrandBias:0.0,Multiplicity:1.30
0.074	0.817	0.043	0.066
0.001	0.632	0.001	0.366
0.001	0.997	0.001	0.001
0.001	0.997	0.001	0.001
0.001	0.001	0.997	0.001
0.001	0.997	0.001	0.001
0.001	0.997	0.001	0.001
0.001	0.953	0.001	0.045
>AGTCAGCA	21-AGTCAGCA	7.537382	-329.919594	0	T:5560.0(6.43%),B:3752.3(4.52%),P:1e-143	Tpos:101.5,Tstd:56.7,Bpos:99.0,Bstd:60.7,StrandBias:-0.0,Multiplicity:1.03
0.789	0.067	0.001	0.143
0.001	0.115	0.883	0.001
0.001	0.001	0.001	0.997
0.213	0.785	0.001	0.001
0.997	0.001	0.001	0.001
0.001	0.001	0.997	0.001
0.001	0.997	0.001	0.001
0.945	0.001	0.053	0.001
>GTWGYAAT	22-GTWGYAAT	5.850096	-291.939757	0	T:13746.0(15.91%),B:10854.0(13.07%),P:1e-126	Tpos:101.0,Tstd:58.2,Bpos:100.5,Bstd:59.3,StrandBias:-0.0,Multiplicity:1.10
0.110	0.023	0.866	0.001
0.020	0.355	0.001	0.624
0.415	0.046	0.014	0.525
0.016	0.001	0.943	0.040
0.104	0.500	0.001	0.395
0.679	0.079	0.168	0.074
0.900	0.001	0.098	0.001
0.103	0.203	0.001	0.693
>TYGCGTAA	23-TYGCGTAA	7.383941	-199.144556	0	T:1554.0(1.80%),B:867.1(1.04%),P:1e-86	Tpos:102.1,Tstd:54.0,Bpos:95.5,Bstd:62.0,StrandBias:-0.1,Multiplicity:1.02
0.001	0.001	0.001	0.997
0.104	0.398	0.001	0.497
0.001	0.001	0.997	0.001
0.001	0.743	0.255	0.001
0.001	0.001	0.997	0.001
0.407	0.001	0.001	0.591
0.448	0.154	0.278	0.120
0.921	0.001	0.001	0.077
>CACATCCT	24-CACATCCT	7.710677	-167.978153	0	T:2609.0(3.02%),B:1727.4(2.08%),P:1e-72	Tpos:101.6,Tstd:51.3,Bpos:102.5,Bstd:60.0,StrandBias:-0.1,Multiplicity:1.02
0.001	0.997	0.001	0.001
0.946	0.001	0.052	0.001
0.001	0.876	0.001	0.122
0.997	0.001	0.001	0.001
0.001	0.001	0.001	0.997
0.001	0.997	0.001	0.001
0.001	0.997	0.001	0.001
0.001	0.001	0.239	0.759
>GGGTGGAG	25-GGGTGGAG	9.821049	-136.549461	0	T:5813.0(6.73%),B:4504.9(5.43%),P:1e-59	Tpos:99.4,Tstd:54.4,Bpos:99.3,Bstd:63.3,StrandBias:-0.0,Multiplicity:1.10
0.001	0.001	0.997	0.001
0.001	0.001	0.997	0.001
0.001	0.001	0.997	0.001
0.287	0.001	0.001	0.711
0.001	0.001	0.997	0.001
0.001	0.001	0.997	0.001
0.997	0.001	0.001	0.001
0.001	0.001	0.997	0.001
