>AAWGAGGAAGTG	1-AAWGAGGAAGTG	7.461179	-75044.625566	0	T:56173.0(65.00%),B:8547.9(10.30%),P:1e-32591	Tpos:102.7,Tstd:29.4,Bpos:99.8,Bstd:65.9,StrandBias:0.0,Multiplicity:1.23
0.503	0.103	0.139	0.255
0.534	0.090	0.156	0.220
0.451	0.067	0.150	0.332
0.259	0.152	0.533	0.056
0.518	0.139	0.325	0.018
0.135	0.001	0.863	0.001
0.001	0.001	0.997	0.001
0.997	0.001	0.001	0.001
0.978	0.001	0.001	0.020
0.062	0.253	0.678	0.007
0.069	0.140	0.048	0.743
0.185	0.175	0.486	0.155
>RSTTCCYBYTTY	2-RSTTCCYBYTTY	8.213628	-33304.801576	0	T:40679.0(47.07%),B:9690.7(11.67%),P:1e-14463	Tpos:101.5,Tstd:43.5,Bpos:99.2,Bstd:65.8,StrandBias:-0.0,Multiplicity:1.06
0.342	0.104	0.392	0.162
0.001	0.407	0.392	0.200
0.001	0.001	0.001	0.997
0.001	0.001	0.001	0.997
0.001	0.833	0.001	0.165
0.001	0.997	0.001	0.001
0.082	0.337	0.163	0.418
0.114	0.369	0.251	0.265
0.152	0.372	0.001	0.475
0.001	0.394	0.001	0.604
0.001	0.379	0.025	0.595
0.001	0.365	0.211	0.424
>GRSAGGAAGTSM	3-GRSAGGAAGTSM	7.305738	-30718.493954	0	T:43980.0(50.89%),B:12361.6(14.89%),P:1e-13340	Tpos:101.9,Tstd:44.9,Bpos:99.3,Bstd:63.2,StrandBias:0.0,Multiplicity:1.07
0.278	0.196	0.474	0.052
0.437	0.192	0.368	0.003
0.230	0.412	0.304	0.055
0.485	0.258	0.149	0.108
0.097	0.001	0.901	0.001
0.001	0.001	0.997	0.001
0.997	0.001	0.001	0.001
0.997	0.001	0.001	0.001
0.128	0.078	0.793	0.001
0.099	0.207	0.154	0.540
0.059	0.356	0.430	0.156
0.266	0.367	0.184	0.184
>GAGGAAGTGGAA	4-GAGGAAGTGGAA	7.019684	-24464.879272	0	T:54430.0(62.98%),B:22372.4(26.95%),P:1e-10624	Tpos:100.7,Tstd:48.9,Bpos:100.2,Bstd:77.4,StrandBias:0.1,Multiplicity:1.48
0.242	0.237	0.437	0.084
0.682	0.059	0.236	0.023
0.091	0.001	0.907	0.001
0.047	0.001	0.951	0.001
0.997	0.001	0.001	0.001
0.907	0.001	0.091	0.001
0.159	0.211	0.629	0.001
0.257	0.197	0.104	0.442
0.302	0.047	0.486	0.165
0.356	0.101	0.542	0.001
0.442	0.184	0.266	0.108
0.415	0.150	0.262	0.173
>GAWGRGGAAGYM	5-GAWGRGGAAGYM	9.649914	-8439.909573	0	T:6682.0(7.73%),B:778.5(0.94%),P:1e-3665	Tpos:98.1,Tstd:41.5,Bpos:94.2,Bstd:61.2,StrandBias:-0.2,Multiplicity:1.02
0.273	0.122	0.503	0.102
0.663	0.218	0.118	0.001
0.405	0.034	0.024	0.537
0.002	0.137	0.705	0.156
0.386	0.039	0.345	0.230
0.005	0.039	0.922	0.034
0.075	0.020	0.840	0.065
0.794	0.172	0.001	0.033
0.886	0.027	0.056	0.031
0.001	0.001	0.932	0.066
0.011	0.327	0.217	0.445
0.461	0.386	0.152	0.001
>AAAVWGGGAAGT	6-AAAVWGGGAAGT	8.879335	-4439.074585	0	T:8412.0(9.73%),B:2431.6(2.93%),P:1e-1927	Tpos:102.8,Tstd:47.9,Bpos:100.5,Bstd:64.2,StrandBias:-0.1,Multiplicity:1.03
0.529	0.056	0.324	0.091
0.576	0.217	0.167	0.040
0.592	0.080	0.098	0.230
0.331	0.293	0.234	0.141
0.529	0.001	0.001	0.469
0.001	0.001	0.997	0.001
0.358	0.001	0.613	0.028
0.011	0.001	0.987	0.001
0.996	0.002	0.001	0.001
0.997	0.001	0.001	0.001
0.076	0.180	0.731	0.013
0.053	0.117	0.029	0.801
>DTTTRRGGAAGT	7-DTTTRRGGAAGT	8.937473	-4314.521540	0	T:6233.0(7.21%),B:1432.4(1.73%),P:1e-1873	Tpos:102.1,Tstd:44.5,Bpos:100.1,Bstd:65.5,StrandBias:-0.0,Multiplicity:1.02
0.241	0.168	0.367	0.224
0.001	0.199	0.094	0.706
0.001	0.192	0.109	0.698
0.001	0.001	0.001	0.997
0.317	0.100	0.463	0.119
0.372	0.174	0.364	0.090
0.263	0.001	0.706	0.030
0.011	0.002	0.983	0.004
0.995	0.003	0.001	0.001
0.944	0.001	0.024	0.031
0.116	0.237	0.646	0.001
0.091	0.095	0.063	0.751
>GTTTCACTTCYN	8-GTTTCACTTCYN	8.318448	-4215.187634	0	T:3294.0(3.81%),B:370.9(0.45%),P:1e-1830	Tpos:101.1,Tstd:37.8,Bpos:98.9,Bstd:62.4,StrandBias:-0.0,Multiplicity:1.01
0.134	0.259	0.462	0.145
0.101	0.171	0.118	0.610
0.066	0.168	0.178	0.588
0.075	0.137	0.136	0.652
0.071	0.683	0.127	0.119
0.705	0.131	0.040	0.124
0.126	0.459	0.229	0.186
0.217	0.048	0.022	0.713
0.096	0.046	0.112	0.746
0.054	0.625	0.092	0.229
0.172	0.455	0.020	0.354
0.212	0.277	0.275	0.236
>RAAAGCAGAAGT	9-RAAAGCAGAAGT	9.701220	-3945.544251	0	T:5233.0(6.06%),B:1106.3(1.33%),P:1e-1713	Tpos:101.2,Tstd:41.8,Bpos:96.8,Bstd:67.6,StrandBias:0.1,Multiplicity:1.08
0.451	0.143	0.312	0.095
0.675	0.001	0.194	0.130
0.589	0.089	0.130	0.192
0.604	0.001	0.076	0.319
0.228	0.029	0.706	0.037
0.013	0.619	0.358	0.010
0.997	0.001	0.001	0.001
0.001	0.001	0.997	0.001
0.992	0.006	0.001	0.001
0.997	0.001	0.001	0.001
0.136	0.193	0.662	0.009
0.057	0.185	0.078	0.680
>GCCMCCTAGTGG	10-GCCMCCTAGTGG	10.699836	-3414.647488	0	T:2869.0(3.32%),B:356.4(0.43%),P:1e-1482	Tpos:103.7,Tstd:42.9,Bpos:99.9,Bstd:55.9,StrandBias:0.1,Multiplicity:1.02
0.090	0.001	0.806	0.103
0.092	0.906	0.001	0.001
0.001	0.997	0.001	0.001
0.490	0.504	0.001	0.005
0.001	0.597	0.001	0.401
0.001	0.997	0.001	0.001
0.063	0.066	0.001	0.870
0.557	0.028	0.359	0.056
0.001	0.103	0.895	0.001
0.151	0.130	0.023	0.696
0.001	0.001	0.997	0.001
0.012	0.001	0.846	0.141
>WNDVTGAGTCAY	11-WNDVTGAGTCAY	6.982788	-2427.811036	0	T:7721.0(8.93%),B:3062.3(3.69%),P:1e-1054	Tpos:100.4,Tstd:51.1,Bpos:98.3,Bstd:61.5,StrandBias:-0.0,Multiplicity:1.07
0.379	0.171	0.212	0.238
0.206	0.260	0.322	0.212
0.245	0.149	0.231	0.375
0.383	0.266	0.272	0.079
0.035	0.002	0.015	0.948
0.009	0.014	0.926	0.051
0.936	0.002	0.016	0.046
0.043	0.366	0.564	0.027
0.019	0.020	0.014	0.947
0.031	0.952	0.011	0.006
0.972	0.016	0.001	0.011
0.060	0.288	0.236	0.415
>CACTAGGGGGCG	12-CACTAGGGGGCG	8.270244	-2368.450605	0	T:4312.0(4.99%),B:1189.0(1.43%),P:1e-1028	Tpos:100.0,Tstd:48.7,Bpos:97.5,Bstd:59.1,StrandBias:0.1,Multiplicity:1.02
0.044	0.869	0.058	0.029
0.734	0.072	0.106	0.088
0.050	0.697	0.207	0.046
0.154	0.185	0.079	0.582
0.748	0.072	0.116	0.064
0.039	0.023	0.895	0.043
0.157	0.033	0.767	0.043
0.100	0.043	0.694	0.163
0.067	0.040	0.846	0.047
0.060	0.068	0.819	0.053
0.171	0.625	0.081	0.123
0.164	0.055	0.722	0.059
>NDVTTKTGMAAT	13-NDVTTKTGMAAT	7.872975	-1665.966706	0	T:6669.0(7.72%),B:2943.6(3.55%),P:1e-723	Tpos:100.2,Tstd:53.1,Bpos:100.3,Bstd:59.1,StrandBias:0.1,Multiplicity:1.06
0.328	0.211	0.198	0.263
0.282	0.094	0.296	0.328
0.332	0.239	0.381	0.048
0.032	0.033	0.001	0.934
0.001	0.001	0.070	0.928
0.232	0.084	0.414	0.270
0.253	0.004	0.203	0.540
0.002	0.001	0.996	0.001
0.356	0.464	0.003	0.177
0.993	0.005	0.001	0.001
0.904	0.001	0.028	0.067
0.091	0.240	0.208	0.461
>ACATCCTCTTTT	14-ACATCCTCTTTT	10.126207	-1559.679719	0	T:1148.0(1.33%),B:117.8(0.14%),P:1e-677	Tpos:101.6,Tstd:39.5,Bpos:90.7,Bstd:58.6,StrandBias:-0.1,Multiplicity:1.00
0.824	0.097	0.022	0.057
0.145	0.573	0.187	0.095
0.689	0.039	0.153	0.119
0.070	0.014	0.019	0.897
0.009	0.769	0.025	0.197
0.036	0.844	0.029	0.091
0.099	0.198	0.035	0.668
0.062	0.616	0.162	0.160
0.247	0.211	0.012	0.530
0.095	0.148	0.038	0.719
0.071	0.116	0.044	0.769
0.049	0.248	0.179	0.524
>NWGAGGAACMNC	15-NWGAGGAACMNC	6.010586	-1390.230942	0	T:6404.0(7.41%),B:2998.4(3.61%),P:1e-603	Tpos:100.5,Tstd:49.1,Bpos:99.6,Bstd:60.6,StrandBias:-0.0,Multiplicity:1.02
0.286	0.268	0.205	0.240
0.354	0.002	0.223	0.421
0.001	0.001	0.990	0.008
0.837	0.161	0.001	0.001
0.001	0.001	0.997	0.001
0.001	0.001	0.854	0.144
0.997	0.001	0.001	0.001
0.997	0.001	0.001	0.001
0.001	0.997	0.001	0.001
0.424	0.509	0.066	0.001
0.243	0.310	0.177	0.271
0.215	0.370	0.197	0.219
>KGGGCGGGGCYT	16-KGGGCGGGGCYT	7.677013	-811.942152	0	T:7227.0(8.36%),B:4228.2(5.09%),P:1e-352	Tpos:100.9,Tstd:53.3,Bpos:93.4,Bstd:58.2,StrandBias:-0.0,Multiplicity:1.28
0.160	0.015	0.463	0.362
0.223	0.001	0.775	0.001
0.001	0.001	0.997	0.001
0.001	0.001	0.997	0.001
0.001	0.856	0.001	0.142
0.001	0.001	0.997	0.001
0.001	0.001	0.816	0.182
0.310	0.001	0.660	0.029
0.284	0.045	0.670	0.001
0.001	0.871	0.001	0.127
0.057	0.442	0.109	0.392
0.250	0.183	0.145	0.421
>ATGAYGTCATCW	17-ATGAYGTCATCW	7.744706	-786.268679	0	T:4475.0(5.18%),B:2260.6(2.72%),P:1e-341	Tpos:99.7,Tstd:52.0,Bpos:97.2,Bstd:56.8,StrandBias:0.0,Multiplicity:1.03
0.486	0.229	0.264	0.020
0.001	0.001	0.030	0.968
0.001	0.017	0.867	0.115
0.873	0.020	0.026	0.081
0.097	0.391	0.203	0.310
0.238	0.214	0.442	0.106
0.124	0.006	0.002	0.868
0.122	0.876	0.001	0.001
0.978	0.020	0.001	0.001
0.043	0.251	0.221	0.485
0.194	0.450	0.133	0.222
0.383	0.224	0.144	0.249
>ATTGCGCAAGCG	18-ATTGCGCAAGCG	6.517702	-752.534478	0	T:7634.0(8.83%),B:4626.2(5.57%),P:1e-326	Tpos:99.9,Tstd:54.1,Bpos:97.1,Bstd:61.5,StrandBias:-0.0,Multiplicity:1.07
0.700	0.100	0.100	0.100
0.100	0.100	0.100	0.700
0.100	0.100	0.100	0.700
0.100	0.100	0.700	0.100
0.100	0.700	0.100	0.100
0.100	0.100	0.700	0.100
0.100	0.700	0.100	0.100
0.700	0.100	0.100	0.100
0.700	0.100	0.100	0.100
0.100	0.100	0.700	0.100
0.100	0.700	0.100	0.100
0.100	0.100	0.700	0.100
>HDGTCACATGAC	19-HDGTCACATGAC	7.247340	-749.312605	0	T:5827.0(6.74%),B:3270.4(3.94%),P:1e-325	Tpos:100.6,Tstd:53.5,Bpos:101.0,Bstd:57.3,StrandBias:0.0,Multiplicity:1.05
0.301	0.258	0.145	0.296
0.300	0.051	0.325	0.323
0.213	0.122	0.622	0.043
0.073	0.182	0.078	0.667
0.001	0.997	0.001	0.001
0.939	0.024	0.001	0.036
0.006	0.713	0.034	0.247
0.613	0.014	0.366	0.007
0.088	0.001	0.049	0.862
0.001	0.006	0.992	0.001
0.555	0.137	0.233	0.075
0.084	0.503	0.141	0.272
>ACTTCCTYCCCA	20-ACTTCCTYCCCA	10.130346	-526.901795	0	T:1890.0(2.19%),B:782.7(0.94%),P:1e-228	Tpos:101.4,Tstd:52.6,Bpos:100.5,Bstd:63.1,StrandBias:-0.0,Multiplicity:1.02
0.592	0.008	0.302	0.098
0.001	0.639	0.357	0.003
0.049	0.133	0.001	0.817
0.001	0.007	0.001	0.991
0.052	0.800	0.080	0.068
0.034	0.845	0.001	0.120
0.053	0.297	0.001	0.649
0.100	0.403	0.019	0.478
0.152	0.846	0.001	0.001
0.134	0.715	0.001	0.150
0.001	0.997	0.001	0.001
0.997	0.001	0.001	0.001
>TGATGATGCAAT	21-TGATGATGCAAT	7.785142	-435.451147	0	T:2787.0(3.22%),B:1461.5(1.76%),P:1e-189	Tpos:101.5,Tstd:53.3,Bpos:101.9,Bstd:56.7,StrandBias:-0.2,Multiplicity:1.01
0.139	0.026	0.118	0.717
0.022	0.109	0.838	0.031
0.762	0.111	0.056	0.071
0.068	0.009	0.015	0.908
0.017	0.018	0.956	0.009
0.811	0.068	0.040	0.081
0.097	0.043	0.088	0.772
0.029	0.011	0.914	0.046
0.194	0.700	0.030	0.076
0.904	0.055	0.023	0.018
0.910	0.008	0.040	0.042
0.071	0.053	0.067	0.809
>KGTGTTGCAACA	22-KGTGTTGCAACA	7.440870	-401.206250	0	T:3897.0(4.51%),B:2318.4(2.79%),P:1e-174	Tpos:98.5,Tstd:57.2,Bpos:102.5,Bstd:58.3,StrandBias:-0.1,Multiplicity:1.02
0.262	0.015	0.298	0.424
0.152	0.223	0.532	0.093
0.071	0.001	0.062	0.866
0.130	0.045	0.818	0.007
0.167	0.037	0.044	0.752
0.026	0.017	0.151	0.806
0.061	0.001	0.693	0.245
0.256	0.616	0.045	0.083
0.776	0.164	0.007	0.053
0.678	0.017	0.056	0.249
0.009	0.795	0.031	0.165
0.858	0.040	0.019	0.083
>GTGGGGAAGGAG	23-GTGGGGAAGGAG	10.836956	-368.863838	0	T:2798.0(3.24%),B:1549.1(1.87%),P:1e-160	Tpos:101.1,Tstd:53.8,Bpos:98.3,Bstd:64.1,StrandBias:0.1,Multiplicity:1.04
0.291	0.257	0.451	0.001
0.293	0.001	0.134	0.572
0.207	0.001	0.791	0.001
0.001	0.001	0.751	0.247
0.001	0.001	0.997	0.001
0.049	0.001	0.949	0.001
0.667	0.001	0.331	0.001
0.997	0.001	0.001	0.001
0.001	0.001	0.997	0.001
0.033	0.095	0.871	0.001
0.818	0.001	0.180	0.001
0.287	0.083	0.629	0.001
>GGGAATTGTAGT	24-GGGAATTGTAGT	9.885389	-356.067437	0	T:1032.0(1.19%),B:382.7(0.46%),P:1e-154	Tpos:101.6,Tstd:51.5,Bpos:90.7,Bstd:62.2,StrandBias:-0.1,Multiplicity:1.10
0.062	0.014	0.905	0.019
0.023	0.006	0.959	0.012
0.084	0.016	0.883	0.017
0.856	0.043	0.055	0.046
0.611	0.135	0.154	0.100
0.183	0.110	0.083	0.624
0.024	0.040	0.068	0.868
0.023	0.017	0.928	0.032
0.024	0.109	0.071	0.796
0.820	0.015	0.144	0.021
0.037	0.048	0.873	0.042
0.050	0.021	0.051	0.878
>TTCCCTTATTTG	25-TTCCCTTATTTG	10.331164	-209.923760	0	T:102.0(0.12%),B:5.7(0.01%),P:1e-91	Tpos:96.2,Tstd:28.5,Bpos:96.7,Bstd:57.0,StrandBias:0.1,Multiplicity:1.00
0.001	0.001	0.001	0.997
0.001	0.001	0.001	0.997
0.001	0.997	0.001	0.001
0.001	0.997	0.001	0.001
0.001	0.996	0.002	0.001
0.001	0.016	0.003	0.980
0.001	0.001	0.001	0.997
0.997	0.001	0.001	0.001
0.015	0.001	0.001	0.983
0.001	0.001	0.001	0.997
0.001	0.001	0.002	0.996
0.025	0.001	0.973	0.001
