>ACTTCCTCTT	1-ACTTCCTCTT	7.092228	-62901.408007	0	T:55101.0(63.76%),B:10230.6(12.32%),P:1e-27317	Tpos:102.6,Tstd:31.4,Bpos:100.2,Bstd:66.6,StrandBias:-0.0,Multiplicity:1.27
0.898	0.001	0.064	0.037
0.001	0.819	0.146	0.034
0.001	0.001	0.001	0.997
0.001	0.001	0.001	0.997
0.001	0.987	0.001	0.011
0.001	0.931	0.001	0.067
0.012	0.278	0.083	0.627
0.027	0.617	0.189	0.167
0.268	0.175	0.029	0.528
0.146	0.191	0.071	0.592
>BRSTTCCBYN	2-BRSTTCCBYN	5.724639	-48631.938454	0	T:56026.0(64.83%),B:14189.2(17.09%),P:1e-21120	Tpos:101.7,Tstd:47.7,Bpos:100.3,Bstd:64.8,StrandBias:0.0,Multiplicity:1.03
0.203	0.356	0.223	0.218
0.425	0.001	0.325	0.249
0.001	0.408	0.383	0.208
0.001	0.001	0.252	0.746
0.065	0.001	0.123	0.811
0.001	0.997	0.001	0.001
0.071	0.615	0.011	0.303
0.125	0.257	0.330	0.288
0.156	0.410	0.165	0.269
0.323	0.198	0.233	0.247
>ADVVGGAAGY	3-ADVVGGAAGY	5.863368	-46388.376295	0	T:75367.0(87.21%),B:30989.1(37.33%),P:1e-20146	Tpos:101.3,Tstd:48.4,Bpos:99.2,Bstd:66.3,StrandBias:0.1,Multiplicity:1.28
0.433	0.116	0.260	0.191
0.351	0.122	0.240	0.287
0.276	0.251	0.360	0.113
0.329	0.351	0.314	0.005
0.204	0.050	0.734	0.012
0.009	0.071	0.919	0.001
0.969	0.001	0.001	0.029
0.902	0.001	0.001	0.096
0.217	0.234	0.548	0.001
0.174	0.350	0.002	0.474
>AAAGMGGAAG	4-AAAGMGGAAG	7.648851	-32427.297807	0	T:32027.0(37.06%),B:5753.7(6.93%),P:1e-14082	Tpos:102.4,Tstd:39.3,Bpos:100.8,Bstd:72.6,StrandBias:0.0,Multiplicity:1.18
0.604	0.066	0.261	0.069
0.750	0.070	0.102	0.078
0.628	0.071	0.143	0.158
0.149	0.196	0.595	0.060
0.361	0.401	0.185	0.053
0.082	0.033	0.859	0.026
0.086	0.047	0.843	0.024
0.889	0.040	0.038	0.033
0.843	0.034	0.075	0.048
0.102	0.265	0.588	0.045
>GGAAGTGAAA	5-GGAAGTGAAA	5.597483	-30633.062604	0	T:47685.0(55.18%),B:14713.5(17.72%),P:1e-13303	Tpos:101.7,Tstd:44.0,Bpos:99.4,Bstd:63.7,StrandBias:0.0,Multiplicity:1.14
0.004	0.001	0.994	0.001
0.001	0.001	0.997	0.001
0.997	0.001	0.001	0.001
0.997	0.001	0.001	0.001
0.185	0.226	0.588	0.001
0.006	0.115	0.009	0.870
0.012	0.003	0.984	0.001
0.501	0.204	0.240	0.055
0.488	0.136	0.185	0.191
0.537	0.123	0.166	0.174
>CTTCCKSTTT	6-CTTCCKSTTT	8.142870	-24569.427255	0	T:25193.0(29.15%),B:4527.3(5.45%),P:1e-10670	Tpos:101.3,Tstd:47.1,Bpos:99.0,Bstd:62.7,StrandBias:-0.1,Multiplicity:1.02
0.074	0.622	0.303	0.001
0.205	0.001	0.001	0.793
0.001	0.001	0.001	0.997
0.001	0.997	0.001	0.001
0.001	0.997	0.001	0.001
0.001	0.159	0.353	0.488
0.095	0.509	0.395	0.001
0.208	0.001	0.153	0.638
0.114	0.203	0.001	0.682
0.227	0.001	0.001	0.771
>AAWAGGGAAC	7-AAWAGGGAAC	8.297694	-3547.522725	0	T:6143.0(7.11%),B:1642.1(1.98%),P:1e-1540	Tpos:100.9,Tstd:46.9,Bpos:97.7,Bstd:65.9,StrandBias:0.1,Multiplicity:1.01
0.798	0.002	0.052	0.148
0.685	0.017	0.167	0.131
0.398	0.119	0.112	0.371
0.605	0.393	0.001	0.001
0.183	0.178	0.638	0.001
0.140	0.009	0.850	0.001
0.114	0.026	0.859	0.001
0.939	0.059	0.001	0.001
0.997	0.001	0.001	0.001
0.001	0.830	0.103	0.066
>STTCCTCCCC	8-STTCCTCCCC	9.422425	-3149.094502	0	T:8459.0(9.79%),B:3068.6(3.70%),P:1e-1367	Tpos:102.3,Tstd:47.3,Bpos:98.0,Bstd:71.1,StrandBias:-0.0,Multiplicity:1.07
0.001	0.411	0.544	0.044
0.001	0.001	0.001	0.997
0.001	0.001	0.001	0.997
0.001	0.997	0.001	0.001
0.001	0.820	0.001	0.178
0.001	0.001	0.023	0.975
0.001	0.718	0.139	0.142
0.001	0.764	0.001	0.234
0.001	0.511	0.158	0.330
0.232	0.595	0.140	0.033
>TTRCGYAATN	9-TTRCGYAATN	5.783843	-2577.561817	0	T:14661.0(16.96%),B:7621.4(9.18%),P:1e-1119	Tpos:100.0,Tstd:53.1,Bpos:99.0,Bstd:58.8,StrandBias:0.0,Multiplicity:1.12
0.023	0.016	0.002	0.959
0.007	0.003	0.375	0.615
0.356	0.084	0.367	0.193
0.071	0.566	0.091	0.272
0.158	0.050	0.697	0.095
0.170	0.462	0.028	0.340
0.826	0.156	0.002	0.016
0.970	0.004	0.006	0.020
0.060	0.277	0.134	0.529
0.271	0.321	0.207	0.201
>TGASTCATCN	10-TGASTCATCN	7.196024	-2504.504829	0	T:9731.0(11.26%),B:4280.8(5.16%),P:1e-1087	Tpos:100.5,Tstd:51.7,Bpos:99.4,Bstd:61.5,StrandBias:-0.0,Multiplicity:1.08
0.001	0.015	0.001	0.983
0.001	0.001	0.811	0.187
0.943	0.002	0.001	0.054
0.071	0.499	0.420	0.009
0.009	0.001	0.001	0.989
0.170	0.828	0.001	0.001
0.997	0.001	0.001	0.001
0.054	0.264	0.225	0.457
0.192	0.384	0.199	0.225
0.288	0.247	0.202	0.263
>CVGGAAGTHS	11-CVGGAAGTHS	8.069993	-2205.457949	0	T:5953.0(6.89%),B:2145.5(2.58%),P:1e-957	Tpos:100.3,Tstd:49.4,Bpos:96.4,Bstd:64.6,StrandBias:-0.0,Multiplicity:1.01
0.075	0.577	0.001	0.347
0.292	0.414	0.294	0.001
0.001	0.001	0.997	0.001
0.001	0.001	0.958	0.040
0.965	0.001	0.001	0.033
0.959	0.001	0.001	0.039
0.116	0.155	0.728	0.001
0.049	0.073	0.030	0.848
0.360	0.313	0.001	0.326
0.211	0.469	0.319	0.001
>CACYAGGGGG	12-CACYAGGGGG	8.880461	-1966.910473	0	T:4071.0(4.71%),B:1231.8(1.48%),P:1e-854	Tpos:102.4,Tstd:45.7,Bpos:99.6,Bstd:58.2,StrandBias:-0.1,Multiplicity:1.03
0.009	0.963	0.012	0.016
0.795	0.027	0.145	0.033
0.038	0.692	0.257	0.013
0.099	0.434	0.040	0.427
0.974	0.009	0.016	0.001
0.006	0.025	0.960	0.009
0.373	0.023	0.587	0.017
0.015	0.041	0.685	0.259
0.005	0.038	0.956	0.001
0.009	0.014	0.962	0.015
>GTTTCGGTTC	13-GTTTCGGTTC	8.373107	-1768.578511	0	T:3114.0(3.60%),B:833.7(1.00%),P:1e-768	Tpos:101.3,Tstd:47.6,Bpos:98.7,Bstd:63.8,StrandBias:0.2,Multiplicity:1.02
0.043	0.074	0.835	0.048
0.068	0.021	0.034	0.877
0.058	0.015	0.044	0.883
0.113	0.144	0.024	0.719
0.001	0.997	0.001	0.001
0.336	0.037	0.565	0.062
0.073	0.258	0.553	0.116
0.199	0.051	0.070	0.680
0.001	0.053	0.053	0.893
0.099	0.598	0.104	0.199
>SWAACCACAR	14-SWAACCACAR	7.896115	-814.278695	0	T:5658.0(6.55%),B:3066.5(3.69%),P:1e-353	Tpos:100.7,Tstd:54.4,Bpos:99.8,Bstd:57.0,StrandBias:0.0,Multiplicity:1.04
0.103	0.402	0.313	0.182
0.355	0.187	0.076	0.383
0.637	0.001	0.226	0.136
0.991	0.001	0.007	0.001
0.001	0.997	0.001	0.001
0.001	0.997	0.001	0.001
0.848	0.001	0.150	0.001
0.018	0.944	0.001	0.037
0.806	0.034	0.083	0.077
0.342	0.125	0.426	0.107
>VTGHSRTSAB	15-VTGHSRTSAB	5.231390	-756.683667	0	T:5795.0(6.71%),B:3237.3(3.90%),P:1e-328	Tpos:101.0,Tstd:53.1,Bpos:99.5,Bstd:58.0,StrandBias:0.0,Multiplicity:1.04
0.320	0.266	0.304	0.111
0.083	0.322	0.098	0.497
0.188	0.207	0.575	0.030
0.333	0.225	0.083	0.359
0.003	0.500	0.374	0.123
0.346	0.002	0.460	0.192
0.280	0.030	0.132	0.558
0.161	0.439	0.303	0.096
0.598	0.016	0.013	0.373
0.015	0.341	0.327	0.318
>GTCACATGAC	16-GTCACATGAC	7.894719	-730.042954	0	T:3590.0(4.15%),B:1712.6(2.06%),P:1e-317	Tpos:99.2,Tstd:53.3,Bpos:99.8,Bstd:57.2,StrandBias:0.1,Multiplicity:1.04
0.321	0.079	0.555	0.045
0.089	0.085	0.059	0.767
0.009	0.971	0.014	0.006
0.852	0.064	0.013	0.071
0.009	0.894	0.033	0.064
0.817	0.019	0.154	0.010
0.092	0.009	0.001	0.898
0.015	0.044	0.929	0.012
0.622	0.115	0.213	0.050
0.011	0.642	0.050	0.297
>RGCYMCGCCC	17-RGCYMCGCCC	7.057176	-700.892934	0	T:7527.0(8.71%),B:4625.2(5.57%),P:1e-304	Tpos:101.3,Tstd:54.4,Bpos:94.2,Bstd:60.9,StrandBias:0.0,Multiplicity:1.34
0.337	0.111	0.361	0.191
0.253	0.037	0.550	0.160
0.123	0.500	0.131	0.246
0.231	0.427	0.029	0.313
0.398	0.544	0.009	0.049
0.105	0.853	0.020	0.022
0.170	0.012	0.719	0.099
0.008	0.973	0.007	0.012
0.020	0.925	0.042	0.013
0.035	0.676	0.031	0.258
>GTTCTCCTTT	18-GTTCTCCTTT	10.877460	-490.382766	0	T:1028.0(1.19%),B:311.3(0.37%),P:1e-212	Tpos:100.9,Tstd:44.7,Bpos:97.4,Bstd:66.9,StrandBias:-0.1,Multiplicity:1.00
0.001	0.001	0.997	0.001
0.001	0.001	0.001	0.997
0.001	0.001	0.001	0.997
0.001	0.997	0.001	0.001
0.001	0.001	0.001	0.997
0.001	0.616	0.382	0.001
0.084	0.772	0.026	0.118
0.001	0.001	0.001	0.997
0.001	0.001	0.001	0.997
0.001	0.001	0.001	0.997
>CTATTTWTAG	19-CTATTTWTAG	8.707376	-379.022115	0	T:1979.0(2.29%),B:963.7(1.16%),P:1e-164	Tpos:99.5,Tstd:57.0,Bpos:101.0,Bstd:61.1,StrandBias:-0.0,Multiplicity:1.02
0.081	0.845	0.001	0.073
0.001	0.001	0.001	0.997
0.997	0.001	0.001	0.001
0.096	0.001	0.001	0.902
0.035	0.085	0.001	0.879
0.077	0.001	0.080	0.842
0.428	0.109	0.018	0.444
0.106	0.076	0.128	0.690
0.617	0.001	0.381	0.001
0.073	0.098	0.800	0.029
>AGCGCCACCT	20-AGCGCCACCT	11.765336	-286.851706	0	T:389.0(0.45%),B:83.4(0.10%),P:1e-124	Tpos:108.8,Tstd:42.7,Bpos:98.5,Bstd:65.3,StrandBias:0.1,Multiplicity:1.03
0.997	0.001	0.001	0.001
0.001	0.001	0.997	0.001
0.001	0.997	0.001	0.001
0.001	0.001	0.997	0.001
0.254	0.744	0.001	0.001
0.001	0.997	0.001	0.001
0.829	0.169	0.001	0.001
0.001	0.997	0.001	0.001
0.001	0.997	0.001	0.001
0.001	0.001	0.001	0.997
>ACTTCTCBAA	21-ACTTCTCBAA	8.734578	-228.291752	0	T:1431.0(1.66%),B:744.9(0.90%),P:1e-99	Tpos:101.8,Tstd:51.9,Bpos:95.2,Bstd:63.6,StrandBias:0.1,Multiplicity:1.01
0.935	0.063	0.001	0.001
0.017	0.775	0.158	0.050
0.064	0.020	0.025	0.891
0.032	0.001	0.068	0.899
0.051	0.922	0.001	0.026
0.001	0.069	0.016	0.914
0.028	0.812	0.045	0.115
0.155	0.313	0.336	0.196
0.729	0.004	0.099	0.168
0.573	0.316	0.049	0.062
>TWCATAACAG	22-TWCATAACAG	10.085599	-175.708045	0	T:823.0(0.95%),B:384.2(0.46%),P:1e-76	Tpos:99.7,Tstd:62.0,Bpos:96.5,Bstd:56.0,StrandBias:-0.1,Multiplicity:1.03
0.001	0.001	0.260	0.738
0.564	0.001	0.001	0.434
0.001	0.790	0.001	0.208
0.872	0.001	0.126	0.001
0.001	0.001	0.001	0.997
0.785	0.212	0.001	0.002
0.997	0.001	0.001	0.001
0.001	0.997	0.001	0.001
0.617	0.001	0.001	0.381
0.001	0.001	0.997	0.001
>ATTTCTGCTT	23-ATTTCTGCTT	11.883974	-138.201326	0	T:312.0(0.36%),B:100.7(0.12%),P:1e-60	Tpos:99.3,Tstd:54.4,Bpos:104.4,Bstd:55.1,StrandBias:-0.1,Multiplicity:1.00
0.997	0.001	0.001	0.001
0.001	0.001	0.001	0.997
0.001	0.001	0.001	0.997
0.001	0.001	0.001	0.997
0.001	0.997	0.001	0.001
0.001	0.001	0.001	0.997
0.001	0.001	0.997	0.001
0.001	0.856	0.142	0.001
0.001	0.001	0.001	0.997
0.001	0.001	0.001	0.997
>ACTTCSTTGC	24-ACTTCSTTGC	10.542258	-128.090235	0	T:649.0(0.75%),B:313.7(0.38%),P:1e-55	Tpos:97.3,Tstd:56.4,Bpos:101.9,Bstd:60.8,StrandBias:-0.1,Multiplicity:1.01
0.476	0.224	0.299	0.001
0.001	0.997	0.001	0.001
0.001	0.001	0.001	0.997
0.001	0.001	0.224	0.774
0.001	0.997	0.001	0.001
0.001	0.538	0.460	0.001
0.001	0.001	0.001	0.997
0.001	0.001	0.001	0.997
0.001	0.001	0.997	0.001
0.248	0.750	0.001	0.001
>TGCGCMTGCG	25-TGCGCMTGCG	9.053868	-90.593437	0	T:927.0(1.07%),B:559.1(0.67%),P:1e-39	Tpos:98.5,Tstd:53.8,Bpos:92.7,Bstd:62.3,StrandBias:0.1,Multiplicity:1.11
0.089	0.086	0.218	0.607
0.276	0.009	0.681	0.034
0.126	0.872	0.001	0.001
0.001	0.001	0.952	0.046
0.001	0.604	0.001	0.394
0.426	0.485	0.001	0.088
0.088	0.001	0.119	0.792
0.001	0.001	0.966	0.032
0.049	0.949	0.001	0.001
0.001	0.001	0.874	0.124
>AAWGAGGAAGTG	1-AAWGAGGAAGTG	7.461179	-75044.625566	0	T:56173.0(65.00%),B:8547.9(10.30%),P:1e-32591	Tpos:102.7,Tstd:29.4,Bpos:99.8,Bstd:65.9,StrandBias:0.0,Multiplicity:1.23
0.503	0.103	0.139	0.255
0.534	0.090	0.156	0.220
0.451	0.067	0.150	0.332
0.259	0.152	0.533	0.056
0.518	0.139	0.325	0.018
0.135	0.001	0.863	0.001
0.001	0.001	0.997	0.001
0.997	0.001	0.001	0.001
0.978	0.001	0.001	0.020
0.062	0.253	0.678	0.007
0.069	0.140	0.048	0.743
0.185	0.175	0.486	0.155
>RSTTCCYBYTTY	2-RSTTCCYBYTTY	8.213628	-33304.801576	0	T:40679.0(47.07%),B:9690.7(11.67%),P:1e-14463	Tpos:101.5,Tstd:43.5,Bpos:99.2,Bstd:65.8,StrandBias:-0.0,Multiplicity:1.06
0.342	0.104	0.392	0.162
0.001	0.407	0.392	0.200
0.001	0.001	0.001	0.997
0.001	0.001	0.001	0.997
0.001	0.833	0.001	0.165
0.001	0.997	0.001	0.001
0.082	0.337	0.163	0.418
0.114	0.369	0.251	0.265
0.152	0.372	0.001	0.475
0.001	0.394	0.001	0.604
0.001	0.379	0.025	0.595
0.001	0.365	0.211	0.424
>GRSAGGAAGTSM	3-GRSAGGAAGTSM	7.305738	-30718.493954	0	T:43980.0(50.89%),B:12361.6(14.89%),P:1e-13340	Tpos:101.9,Tstd:44.9,Bpos:99.3,Bstd:63.2,StrandBias:0.0,Multiplicity:1.07
0.278	0.196	0.474	0.052
0.437	0.192	0.368	0.003
0.230	0.412	0.304	0.055
0.485	0.258	0.149	0.108
0.097	0.001	0.901	0.001
0.001	0.001	0.997	0.001
0.997	0.001	0.001	0.001
0.997	0.001	0.001	0.001
0.128	0.078	0.793	0.001
0.099	0.207	0.154	0.540
0.059	0.356	0.430	0.156
0.266	0.367	0.184	0.184
>GAGGAAGTGGAA	4-GAGGAAGTGGAA	7.019684	-24464.879272	0	T:54430.0(62.98%),B:22372.4(26.95%),P:1e-10624	Tpos:100.7,Tstd:48.9,Bpos:100.2,Bstd:77.4,StrandBias:0.1,Multiplicity:1.48
0.242	0.237	0.437	0.084
0.682	0.059	0.236	0.023
0.091	0.001	0.907	0.001
0.047	0.001	0.951	0.001
0.997	0.001	0.001	0.001
0.907	0.001	0.091	0.001
0.159	0.211	0.629	0.001
0.257	0.197	0.104	0.442
0.302	0.047	0.486	0.165
0.356	0.101	0.542	0.001
0.442	0.184	0.266	0.108
0.415	0.150	0.262	0.173
>GAWGRGGAAGYM	5-GAWGRGGAAGYM	9.649914	-8439.909573	0	T:6682.0(7.73%),B:778.5(0.94%),P:1e-3665	Tpos:98.1,Tstd:41.5,Bpos:94.2,Bstd:61.2,StrandBias:-0.2,Multiplicity:1.02
0.273	0.122	0.503	0.102
0.663	0.218	0.118	0.001
0.405	0.034	0.024	0.537
0.002	0.137	0.705	0.156
0.386	0.039	0.345	0.230
0.005	0.039	0.922	0.034
0.075	0.020	0.840	0.065
0.794	0.172	0.001	0.033
0.886	0.027	0.056	0.031
0.001	0.001	0.932	0.066
0.011	0.327	0.217	0.445
0.461	0.386	0.152	0.001
>AAAVWGGGAAGT	6-AAAVWGGGAAGT	8.879335	-4439.074585	0	T:8412.0(9.73%),B:2431.6(2.93%),P:1e-1927	Tpos:102.8,Tstd:47.9,Bpos:100.5,Bstd:64.2,StrandBias:-0.1,Multiplicity:1.03
0.529	0.056	0.324	0.091
0.576	0.217	0.167	0.040
0.592	0.080	0.098	0.230
0.331	0.293	0.234	0.141
0.529	0.001	0.001	0.469
0.001	0.001	0.997	0.001
0.358	0.001	0.613	0.028
0.011	0.001	0.987	0.001
0.996	0.002	0.001	0.001
0.997	0.001	0.001	0.001
0.076	0.180	0.731	0.013
0.053	0.117	0.029	0.801
>DTTTRRGGAAGT	7-DTTTRRGGAAGT	8.937473	-4314.521540	0	T:6233.0(7.21%),B:1432.4(1.73%),P:1e-1873	Tpos:102.1,Tstd:44.5,Bpos:100.1,Bstd:65.5,StrandBias:-0.0,Multiplicity:1.02
0.241	0.168	0.367	0.224
0.001	0.199	0.094	0.706
0.001	0.192	0.109	0.698
0.001	0.001	0.001	0.997
0.317	0.100	0.463	0.119
0.372	0.174	0.364	0.090
0.263	0.001	0.706	0.030
0.011	0.002	0.983	0.004
0.995	0.003	0.001	0.001
0.944	0.001	0.024	0.031
0.116	0.237	0.646	0.001
0.091	0.095	0.063	0.751
>GTTTCACTTCYN	8-GTTTCACTTCYN	8.318448	-4215.187634	0	T:3294.0(3.81%),B:370.9(0.45%),P:1e-1830	Tpos:101.1,Tstd:37.8,Bpos:98.9,Bstd:62.4,StrandBias:-0.0,Multiplicity:1.01
0.134	0.259	0.462	0.145
0.101	0.171	0.118	0.610
0.066	0.168	0.178	0.588
0.075	0.137	0.136	0.652
0.071	0.683	0.127	0.119
0.705	0.131	0.040	0.124
0.126	0.459	0.229	0.186
0.217	0.048	0.022	0.713
0.096	0.046	0.112	0.746
0.054	0.625	0.092	0.229
0.172	0.455	0.020	0.354
0.212	0.277	0.275	0.236
>RAAAGCAGAAGT	9-RAAAGCAGAAGT	9.701220	-3945.544251	0	T:5233.0(6.06%),B:1106.3(1.33%),P:1e-1713	Tpos:101.2,Tstd:41.8,Bpos:96.8,Bstd:67.6,StrandBias:0.1,Multiplicity:1.08
0.451	0.143	0.312	0.095
0.675	0.001	0.194	0.130
0.589	0.089	0.130	0.192
0.604	0.001	0.076	0.319
0.228	0.029	0.706	0.037
0.013	0.619	0.358	0.010
0.997	0.001	0.001	0.001
0.001	0.001	0.997	0.001
0.992	0.006	0.001	0.001
0.997	0.001	0.001	0.001
0.136	0.193	0.662	0.009
0.057	0.185	0.078	0.680
>GCCMCCTAGTGG	10-GCCMCCTAGTGG	10.699836	-3414.647488	0	T:2869.0(3.32%),B:356.4(0.43%),P:1e-1482	Tpos:103.7,Tstd:42.9,Bpos:99.9,Bstd:55.9,StrandBias:0.1,Multiplicity:1.02
0.090	0.001	0.806	0.103
0.092	0.906	0.001	0.001
0.001	0.997	0.001	0.001
0.490	0.504	0.001	0.005
0.001	0.597	0.001	0.401
0.001	0.997	0.001	0.001
0.063	0.066	0.001	0.870
0.557	0.028	0.359	0.056
0.001	0.103	0.895	0.001
0.151	0.130	0.023	0.696
0.001	0.001	0.997	0.001
0.012	0.001	0.846	0.141
>WNDVTGAGTCAY	11-WNDVTGAGTCAY	6.982788	-2427.811036	0	T:7721.0(8.93%),B:3062.3(3.69%),P:1e-1054	Tpos:100.4,Tstd:51.1,Bpos:98.3,Bstd:61.5,StrandBias:-0.0,Multiplicity:1.07
0.379	0.171	0.212	0.238
0.206	0.260	0.322	0.212
0.245	0.149	0.231	0.375
0.383	0.266	0.272	0.079
0.035	0.002	0.015	0.948
0.009	0.014	0.926	0.051
0.936	0.002	0.016	0.046
0.043	0.366	0.564	0.027
0.019	0.020	0.014	0.947
0.031	0.952	0.011	0.006
0.972	0.016	0.001	0.011
0.060	0.288	0.236	0.415
>CACTAGGGGGCG	12-CACTAGGGGGCG	8.270244	-2368.450605	0	T:4312.0(4.99%),B:1189.0(1.43%),P:1e-1028	Tpos:100.0,Tstd:48.7,Bpos:97.5,Bstd:59.1,StrandBias:0.1,Multiplicity:1.02
0.044	0.869	0.058	0.029
0.734	0.072	0.106	0.088
0.050	0.697	0.207	0.046
0.154	0.185	0.079	0.582
0.748	0.072	0.116	0.064
0.039	0.023	0.895	0.043
0.157	0.033	0.767	0.043
0.100	0.043	0.694	0.163
0.067	0.040	0.846	0.047
0.060	0.068	0.819	0.053
0.171	0.625	0.081	0.123
0.164	0.055	0.722	0.059
>NDVTTKTGMAAT	13-NDVTTKTGMAAT	7.872975	-1665.966706	0	T:6669.0(7.72%),B:2943.6(3.55%),P:1e-723	Tpos:100.2,Tstd:53.1,Bpos:100.3,Bstd:59.1,StrandBias:0.1,Multiplicity:1.06
0.328	0.211	0.198	0.263
0.282	0.094	0.296	0.328
0.332	0.239	0.381	0.048
0.032	0.033	0.001	0.934
0.001	0.001	0.070	0.928
0.232	0.084	0.414	0.270
0.253	0.004	0.203	0.540
0.002	0.001	0.996	0.001
0.356	0.464	0.003	0.177
0.993	0.005	0.001	0.001
0.904	0.001	0.028	0.067
0.091	0.240	0.208	0.461
>ACATCCTCTTTT	14-ACATCCTCTTTT	10.126207	-1559.679719	0	T:1148.0(1.33%),B:117.8(0.14%),P:1e-677	Tpos:101.6,Tstd:39.5,Bpos:90.7,Bstd:58.6,StrandBias:-0.1,Multiplicity:1.00
0.824	0.097	0.022	0.057
0.145	0.573	0.187	0.095
0.689	0.039	0.153	0.119
0.070	0.014	0.019	0.897
0.009	0.769	0.025	0.197
0.036	0.844	0.029	0.091
0.099	0.198	0.035	0.668
0.062	0.616	0.162	0.160
0.247	0.211	0.012	0.530
0.095	0.148	0.038	0.719
0.071	0.116	0.044	0.769
0.049	0.248	0.179	0.524
>NWGAGGAACMNC	15-NWGAGGAACMNC	6.010586	-1390.230942	0	T:6404.0(7.41%),B:2998.4(3.61%),P:1e-603	Tpos:100.5,Tstd:49.1,Bpos:99.6,Bstd:60.6,StrandBias:-0.0,Multiplicity:1.02
0.286	0.268	0.205	0.240
0.354	0.002	0.223	0.421
0.001	0.001	0.990	0.008
0.837	0.161	0.001	0.001
0.001	0.001	0.997	0.001
0.001	0.001	0.854	0.144
0.997	0.001	0.001	0.001
0.997	0.001	0.001	0.001
0.001	0.997	0.001	0.001
0.424	0.509	0.066	0.001
0.243	0.310	0.177	0.271
0.215	0.370	0.197	0.219
>KGGGCGGGGCYT	16-KGGGCGGGGCYT	7.677013	-811.942152	0	T:7227.0(8.36%),B:4228.2(5.09%),P:1e-352	Tpos:100.9,Tstd:53.3,Bpos:93.4,Bstd:58.2,StrandBias:-0.0,Multiplicity:1.28
0.160	0.015	0.463	0.362
0.223	0.001	0.775	0.001
0.001	0.001	0.997	0.001
0.001	0.001	0.997	0.001
0.001	0.856	0.001	0.142
0.001	0.001	0.997	0.001
0.001	0.001	0.816	0.182
0.310	0.001	0.660	0.029
0.284	0.045	0.670	0.001
0.001	0.871	0.001	0.127
0.057	0.442	0.109	0.392
0.250	0.183	0.145	0.421
>ATGAYGTCATCW	17-ATGAYGTCATCW	7.744706	-786.268679	0	T:4475.0(5.18%),B:2260.6(2.72%),P:1e-341	Tpos:99.7,Tstd:52.0,Bpos:97.2,Bstd:56.8,StrandBias:0.0,Multiplicity:1.03
0.486	0.229	0.264	0.020
0.001	0.001	0.030	0.968
0.001	0.017	0.867	0.115
0.873	0.020	0.026	0.081
0.097	0.391	0.203	0.310
0.238	0.214	0.442	0.106
0.124	0.006	0.002	0.868
0.122	0.876	0.001	0.001
0.978	0.020	0.001	0.001
0.043	0.251	0.221	0.485
0.194	0.450	0.133	0.222
0.383	0.224	0.144	0.249
>ATTGCGCAAGCG	18-ATTGCGCAAGCG	6.517702	-752.534478	0	T:7634.0(8.83%),B:4626.2(5.57%),P:1e-326	Tpos:99.9,Tstd:54.1,Bpos:97.1,Bstd:61.5,StrandBias:-0.0,Multiplicity:1.07
0.700	0.100	0.100	0.100
0.100	0.100	0.100	0.700
0.100	0.100	0.100	0.700
0.100	0.100	0.700	0.100
0.100	0.700	0.100	0.100
0.100	0.100	0.700	0.100
0.100	0.700	0.100	0.100
0.700	0.100	0.100	0.100
0.700	0.100	0.100	0.100
0.100	0.100	0.700	0.100
0.100	0.700	0.100	0.100
0.100	0.100	0.700	0.100
>HDGTCACATGAC	19-HDGTCACATGAC	7.247340	-749.312605	0	T:5827.0(6.74%),B:3270.4(3.94%),P:1e-325	Tpos:100.6,Tstd:53.5,Bpos:101.0,Bstd:57.3,StrandBias:0.0,Multiplicity:1.05
0.301	0.258	0.145	0.296
0.300	0.051	0.325	0.323
0.213	0.122	0.622	0.043
0.073	0.182	0.078	0.667
0.001	0.997	0.001	0.001
0.939	0.024	0.001	0.036
0.006	0.713	0.034	0.247
0.613	0.014	0.366	0.007
0.088	0.001	0.049	0.862
0.001	0.006	0.992	0.001
0.555	0.137	0.233	0.075
0.084	0.503	0.141	0.272
>ACTTCCTYCCCA	20-ACTTCCTYCCCA	10.130346	-526.901795	0	T:1890.0(2.19%),B:782.7(0.94%),P:1e-228	Tpos:101.4,Tstd:52.6,Bpos:100.5,Bstd:63.1,StrandBias:-0.0,Multiplicity:1.02
0.592	0.008	0.302	0.098
0.001	0.639	0.357	0.003
0.049	0.133	0.001	0.817
0.001	0.007	0.001	0.991
0.052	0.800	0.080	0.068
0.034	0.845	0.001	0.120
0.053	0.297	0.001	0.649
0.100	0.403	0.019	0.478
0.152	0.846	0.001	0.001
0.134	0.715	0.001	0.150
0.001	0.997	0.001	0.001
0.997	0.001	0.001	0.001
>TGATGATGCAAT	21-TGATGATGCAAT	7.785142	-435.451147	0	T:2787.0(3.22%),B:1461.5(1.76%),P:1e-189	Tpos:101.5,Tstd:53.3,Bpos:101.9,Bstd:56.7,StrandBias:-0.2,Multiplicity:1.01
0.139	0.026	0.118	0.717
0.022	0.109	0.838	0.031
0.762	0.111	0.056	0.071
0.068	0.009	0.015	0.908
0.017	0.018	0.956	0.009
0.811	0.068	0.040	0.081
0.097	0.043	0.088	0.772
0.029	0.011	0.914	0.046
0.194	0.700	0.030	0.076
0.904	0.055	0.023	0.018
0.910	0.008	0.040	0.042
0.071	0.053	0.067	0.809
>KGTGTTGCAACA	22-KGTGTTGCAACA	7.440870	-401.206250	0	T:3897.0(4.51%),B:2318.4(2.79%),P:1e-174	Tpos:98.5,Tstd:57.2,Bpos:102.5,Bstd:58.3,StrandBias:-0.1,Multiplicity:1.02
0.262	0.015	0.298	0.424
0.152	0.223	0.532	0.093
0.071	0.001	0.062	0.866
0.130	0.045	0.818	0.007
0.167	0.037	0.044	0.752
0.026	0.017	0.151	0.806
0.061	0.001	0.693	0.245
0.256	0.616	0.045	0.083
0.776	0.164	0.007	0.053
0.678	0.017	0.056	0.249
0.009	0.795	0.031	0.165
0.858	0.040	0.019	0.083
>GTGGGGAAGGAG	23-GTGGGGAAGGAG	10.836956	-368.863838	0	T:2798.0(3.24%),B:1549.1(1.87%),P:1e-160	Tpos:101.1,Tstd:53.8,Bpos:98.3,Bstd:64.1,StrandBias:0.1,Multiplicity:1.04
0.291	0.257	0.451	0.001
0.293	0.001	0.134	0.572
0.207	0.001	0.791	0.001
0.001	0.001	0.751	0.247
0.001	0.001	0.997	0.001
0.049	0.001	0.949	0.001
0.667	0.001	0.331	0.001
0.997	0.001	0.001	0.001
0.001	0.001	0.997	0.001
0.033	0.095	0.871	0.001
0.818	0.001	0.180	0.001
0.287	0.083	0.629	0.001
>GGGAATTGTAGT	24-GGGAATTGTAGT	9.885389	-356.067437	0	T:1032.0(1.19%),B:382.7(0.46%),P:1e-154	Tpos:101.6,Tstd:51.5,Bpos:90.7,Bstd:62.2,StrandBias:-0.1,Multiplicity:1.10
0.062	0.014	0.905	0.019
0.023	0.006	0.959	0.012
0.084	0.016	0.883	0.017
0.856	0.043	0.055	0.046
0.611	0.135	0.154	0.100
0.183	0.110	0.083	0.624
0.024	0.040	0.068	0.868
0.023	0.017	0.928	0.032
0.024	0.109	0.071	0.796
0.820	0.015	0.144	0.021
0.037	0.048	0.873	0.042
0.050	0.021	0.051	0.878
>TTCCCTTATTTG	25-TTCCCTTATTTG	10.331164	-209.923760	0	T:102.0(0.12%),B:5.7(0.01%),P:1e-91	Tpos:96.2,Tstd:28.5,Bpos:96.7,Bstd:57.0,StrandBias:0.1,Multiplicity:1.00
0.001	0.001	0.001	0.997
0.001	0.001	0.001	0.997
0.001	0.997	0.001	0.001
0.001	0.997	0.001	0.001
0.001	0.996	0.002	0.001
0.001	0.016	0.003	0.980
0.001	0.001	0.001	0.997
0.997	0.001	0.001	0.001
0.015	0.001	0.001	0.983
0.001	0.001	0.001	0.997
0.001	0.001	0.002	0.996
0.025	0.001	0.973	0.001
>ACTTCCTC	1-ACTTCCTC	6.785875	-51339.715375	0	T:45429.0(52.57%),B:7868.4(9.48%),P:1e-22296	Tpos:102.6,Tstd:29.4,Bpos:99.4,Bstd:65.1,StrandBias:-0.0,Multiplicity:1.16
0.997	0.001	0.001	0.001
0.001	0.911	0.087	0.001
0.001	0.001	0.001	0.997
0.001	0.001	0.001	0.997
0.001	0.997	0.001	0.001
0.001	0.997	0.001	0.001
0.001	0.142	0.020	0.837
0.001	0.753	0.140	0.106
>CACTTCCY	2-CACTTCCY	6.433800	-46161.222927	0	T:62664.0(72.51%),B:19556.9(23.56%),P:1e-20047	Tpos:101.9,Tstd:42.8,Bpos:99.1,Bstd:63.7,StrandBias:-0.0,Multiplicity:1.17
0.126	0.620	0.121	0.133
0.685	0.001	0.265	0.049
0.001	0.643	0.262	0.094
0.010	0.001	0.012	0.977
0.001	0.005	0.001	0.993
0.001	0.997	0.001	0.001
0.007	0.750	0.001	0.242
0.001	0.412	0.258	0.328
>GCTTCCTC	3-GCTTCCTC	6.497421	-29625.712120	0	T:49063.0(56.77%),B:16020.8(19.30%),P:1e-12866	Tpos:101.4,Tstd:47.8,Bpos:100.4,Bstd:67.1,StrandBias:-0.0,Multiplicity:1.20
0.298	0.017	0.522	0.163
0.008	0.693	0.152	0.147
0.053	0.020	0.089	0.838
0.009	0.103	0.021	0.867
0.053	0.941	0.005	0.001
0.032	0.871	0.032	0.065
0.190	0.145	0.151	0.514
0.006	0.755	0.104	0.135
>GTTCCGCC	4-GTTCCGCC	5.512605	-23833.945691	0	T:44079.0(51.00%),B:15062.8(18.14%),P:1e-10350	Tpos:101.5,Tstd:47.5,Bpos:98.6,Bstd:68.5,StrandBias:-0.0,Multiplicity:1.12
0.027	0.092	0.880	0.001
0.026	0.003	0.001	0.970
0.001	0.002	0.001	0.996
0.028	0.970	0.001	0.001
0.001	0.997	0.001	0.001
0.002	0.001	0.698	0.299
0.001	0.907	0.051	0.041
0.214	0.514	0.001	0.271
>TTCCTCTT	5-TTCCTCTT	6.557005	-23384.869144	0	T:29931.0(34.63%),B:6962.5(8.39%),P:1e-10155	Tpos:102.6,Tstd:39.8,Bpos:99.7,Bstd:70.9,StrandBias:-0.0,Multiplicity:1.34
0.001	0.001	0.001	0.997
0.001	0.001	0.001	0.997
0.001	0.997	0.001	0.001
0.001	0.997	0.001	0.001
0.001	0.126	0.014	0.859
0.001	0.845	0.153	0.001
0.076	0.001	0.001	0.922
0.001	0.001	0.001	0.997
>VCGGAACY	6-VCGGAACY	5.251945	-18581.529461	0	T:60295.0(69.77%),B:31049.1(37.40%),P:1e-8069	Tpos:101.2,Tstd:52.3,Bpos:99.2,Bstd:64.5,StrandBias:0.0,Multiplicity:1.16
0.367	0.361	0.271	0.001
0.105	0.638	0.256	0.001
0.033	0.001	0.965	0.001
0.001	0.011	0.860	0.128
0.997	0.001	0.001	0.001
0.997	0.001	0.001	0.001
0.204	0.492	0.286	0.017
0.178	0.408	0.001	0.413
>TTCCGCTT	7-TTCCGCTT	6.538809	-16152.192045	0	T:28165.0(32.59%),B:8415.0(10.14%),P:1e-7014	Tpos:101.0,Tstd:48.1,Bpos:97.3,Bstd:71.8,StrandBias:-0.0,Multiplicity:1.13
0.001	0.242	0.001	0.756
0.012	0.036	0.020	0.932
0.028	0.748	0.193	0.031
0.001	0.635	0.050	0.314
0.020	0.289	0.484	0.206
0.012	0.443	0.293	0.252
0.092	0.295	0.020	0.593
0.037	0.210	0.023	0.730
>TGACTCAT	8-TGACTCAT	5.923676	-2349.969116	0	T:10108.0(11.70%),B:4653.6(5.61%),P:1e-1020	Tpos:100.4,Tstd:52.4,Bpos:98.7,Bstd:62.3,StrandBias:0.0,Multiplicity:1.09
0.001	0.004	0.001	0.994
0.001	0.001	0.986	0.012
0.997	0.001	0.001	0.001
0.031	0.680	0.259	0.030
0.015	0.001	0.001	0.983
0.035	0.963	0.001	0.001
0.997	0.001	0.001	0.001
0.035	0.150	0.158	0.657
>AGGAAGAG	9-AGGAAGAG	9.527543	-2274.079211	0	T:9989.0(11.56%),B:4637.8(5.59%),P:1e-987	Tpos:101.8,Tstd:50.3,Bpos:102.3,Bstd:67.2,StrandBias:-0.0,Multiplicity:1.04
0.997	0.001	0.001	0.001
0.001	0.001	0.997	0.001
0.001	0.001	0.997	0.001
0.997	0.001	0.001	0.001
0.997	0.001	0.001	0.001
0.001	0.214	0.784	0.001
0.997	0.001	0.001	0.001
0.001	0.001	0.997	0.001
>AACCGAAA	10-AACCGAAA	7.705683	-1734.467799	0	T:6459.0(7.47%),B:2756.1(3.32%),P:1e-753	Tpos:100.6,Tstd:55.0,Bpos:98.2,Bstd:65.5,StrandBias:-0.0,Multiplicity:1.04
0.997	0.001	0.001	0.001
0.656	0.001	0.001	0.342
0.001	0.533	0.296	0.170
0.001	0.688	0.016	0.295
0.001	0.001	0.997	0.001
0.863	0.135	0.001	0.001
0.898	0.100	0.001	0.001
0.768	0.230	0.001	0.001
>GGAGAAGT	11-GGAGAAGT	9.304163	-1693.622870	0	T:6840.0(7.91%),B:3032.6(3.65%),P:1e-735	Tpos:102.0,Tstd:50.1,Bpos:98.8,Bstd:65.0,StrandBias:-0.0,Multiplicity:1.02
0.256	0.029	0.714	0.001
0.001	0.239	0.759	0.001
0.997	0.001	0.001	0.001
0.001	0.001	0.997	0.001
0.997	0.001	0.001	0.001
0.997	0.001	0.001	0.001
0.001	0.001	0.997	0.001
0.001	0.001	0.001	0.997
>TTGTGCAA	12-TTGTGCAA	6.616922	-1434.730001	0	T:9875.0(11.43%),B:5393.3(6.50%),P:1e-623	Tpos:99.9,Tstd:53.9,Bpos:99.6,Bstd:60.6,StrandBias:-0.0,Multiplicity:1.08
0.001	0.001	0.001	0.997
0.001	0.001	0.124	0.874
0.320	0.027	0.487	0.165
0.001	0.093	0.001	0.905
0.001	0.001	0.964	0.034
0.031	0.839	0.001	0.129
0.997	0.001	0.001	0.001
0.997	0.001	0.001	0.001
>CGTSAYYT	13-CGTSAYYT	1.684367	-1296.056127	0	T:34056.0(39.41%),B:25926.3(31.23%),P:1e-562	Tpos:100.1,Tstd:56.0,Bpos:99.9,Bstd:59.6,StrandBias:0.0,Multiplicity:1.23
0.001	0.629	0.001	0.369
0.001	0.001	0.997	0.001
0.001	0.001	0.001	0.997
0.001	0.431	0.567	0.001
0.718	0.001	0.280	0.001
0.001	0.557	0.001	0.441
0.186	0.464	0.001	0.349
0.418	0.001	0.001	0.580
>TGYGTCAT	14-TGYGTCAT	7.168674	-1084.768883	0	T:6929.0(8.02%),B:3665.7(4.42%),P:1e-471	Tpos:98.9,Tstd:57.0,Bpos:100.7,Bstd:61.5,StrandBias:-0.0,Multiplicity:1.02
0.102	0.100	0.066	0.732
0.186	0.001	0.590	0.223
0.221	0.380	0.001	0.399
0.001	0.046	0.952	0.001
0.001	0.001	0.046	0.952
0.001	0.997	0.001	0.001
0.934	0.001	0.064	0.001
0.001	0.001	0.001	0.997
>TGWGGTMA	15-TGWGGTMA	2.839202	-1028.897694	0	T:15659.0(18.12%),B:10554.1(12.71%),P:1e-446	Tpos:99.3,Tstd:54.9,Bpos:98.6,Bstd:59.2,StrandBias:-0.0,Multiplicity:1.10
0.001	0.001	0.001	0.997
0.001	0.001	0.844	0.154
0.428	0.001	0.001	0.570
0.001	0.178	0.549	0.272
0.001	0.001	0.997	0.001
0.001	0.001	0.001	0.997
0.565	0.433	0.001	0.001
0.997	0.001	0.001	0.001
>GTCATGTG	16-GTCATGTG	7.231947	-692.739060	0	T:5762.0(6.67%),B:3297.3(3.97%),P:1e-300	Tpos:100.3,Tstd:55.0,Bpos:100.3,Bstd:58.1,StrandBias:-0.1,Multiplicity:1.03
0.076	0.001	0.922	0.001
0.001	0.001	0.001	0.997
0.001	0.997	0.001	0.001
0.997	0.001	0.001	0.001
0.001	0.235	0.001	0.763
0.111	0.058	0.830	0.001
0.001	0.019	0.092	0.888
0.001	0.001	0.997	0.001
>TTGAGCAA	17-TTGAGCAA	7.683789	-523.216033	0	T:4467.0(5.17%),B:2569.0(3.09%),P:1e-227	Tpos:100.2,Tstd:55.4,Bpos:98.5,Bstd:60.6,StrandBias:0.1,Multiplicity:1.03
0.001	0.001	0.001	0.997
0.001	0.001	0.001	0.997
0.230	0.001	0.662	0.107
0.807	0.001	0.191	0.001
0.001	0.001	0.997	0.001
0.001	0.935	0.001	0.063
0.997	0.001	0.001	0.001
0.997	0.001	0.001	0.001
>AAACCGCA	18-AAACCGCA	5.587485	-485.735563	0	T:14238.0(16.47%),B:10638.0(12.81%),P:1e-210	Tpos:100.3,Tstd:57.7,Bpos:100.4,Bstd:61.4,StrandBias:-0.0,Multiplicity:1.07
0.776	0.070	0.070	0.084
0.747	0.068	0.104	0.081
0.899	0.047	0.033	0.021
0.035	0.816	0.033	0.116
0.177	0.683	0.048	0.092
0.127	0.031	0.804	0.038
0.090	0.740	0.108	0.062
0.538	0.182	0.091	0.189
>AGGGGGCG	19-AGGGGGCG	6.251527	-458.081782	0	T:8739.0(10.11%),B:6063.0(7.30%),P:1e-198	Tpos:101.8,Tstd:52.3,Bpos:99.2,Bstd:58.7,StrandBias:-0.0,Multiplicity:1.05
0.997	0.001	0.001	0.001
0.001	0.001	0.997	0.001
0.423	0.001	0.575	0.001
0.001	0.001	0.676	0.322
0.001	0.001	0.997	0.001
0.001	0.001	0.997	0.001
0.001	0.997	0.001	0.001
0.059	0.001	0.939	0.001
>CCCCGCCC	20-CCCCGCCC	7.850225	-357.904347	0	T:5550.0(6.42%),B:3685.4(4.44%),P:1e-155	Tpos:101.1,Tstd:56.0,Bpos:96.1,Bstd:62.6,StrandBias:0.0,Multiplicity:1.30
0.074	0.817	0.043	0.066
0.001	0.632	0.001	0.366
0.001	0.997	0.001	0.001
0.001	0.997	0.001	0.001
0.001	0.001	0.997	0.001
0.001	0.997	0.001	0.001
0.001	0.997	0.001	0.001
0.001	0.953	0.001	0.045
>AGTCAGCA	21-AGTCAGCA	7.537382	-329.919594	0	T:5560.0(6.43%),B:3752.3(4.52%),P:1e-143	Tpos:101.5,Tstd:56.7,Bpos:99.0,Bstd:60.7,StrandBias:-0.0,Multiplicity:1.03
0.789	0.067	0.001	0.143
0.001	0.115	0.883	0.001
0.001	0.001	0.001	0.997
0.213	0.785	0.001	0.001
0.997	0.001	0.001	0.001
0.001	0.001	0.997	0.001
0.001	0.997	0.001	0.001
0.945	0.001	0.053	0.001
>GTWGYAAT	22-GTWGYAAT	5.850096	-291.939757	0	T:13746.0(15.91%),B:10854.0(13.07%),P:1e-126	Tpos:101.0,Tstd:58.2,Bpos:100.5,Bstd:59.3,StrandBias:-0.0,Multiplicity:1.10
0.110	0.023	0.866	0.001
0.020	0.355	0.001	0.624
0.415	0.046	0.014	0.525
0.016	0.001	0.943	0.040
0.104	0.500	0.001	0.395
0.679	0.079	0.168	0.074
0.900	0.001	0.098	0.001
0.103	0.203	0.001	0.693
>TYGCGTAA	23-TYGCGTAA	7.383941	-199.144556	0	T:1554.0(1.80%),B:867.1(1.04%),P:1e-86	Tpos:102.1,Tstd:54.0,Bpos:95.5,Bstd:62.0,StrandBias:-0.1,Multiplicity:1.02
0.001	0.001	0.001	0.997
0.104	0.398	0.001	0.497
0.001	0.001	0.997	0.001
0.001	0.743	0.255	0.001
0.001	0.001	0.997	0.001
0.407	0.001	0.001	0.591
0.448	0.154	0.278	0.120
0.921	0.001	0.001	0.077
>CACATCCT	24-CACATCCT	7.710677	-167.978153	0	T:2609.0(3.02%),B:1727.4(2.08%),P:1e-72	Tpos:101.6,Tstd:51.3,Bpos:102.5,Bstd:60.0,StrandBias:-0.1,Multiplicity:1.02
0.001	0.997	0.001	0.001
0.946	0.001	0.052	0.001
0.001	0.876	0.001	0.122
0.997	0.001	0.001	0.001
0.001	0.001	0.001	0.997
0.001	0.997	0.001	0.001
0.001	0.997	0.001	0.001
0.001	0.001	0.239	0.759
>GGGTGGAG	25-GGGTGGAG	9.821049	-136.549461	0	T:5813.0(6.73%),B:4504.9(5.43%),P:1e-59	Tpos:99.4,Tstd:54.4,Bpos:99.3,Bstd:63.3,StrandBias:-0.0,Multiplicity:1.10
0.001	0.001	0.997	0.001
0.001	0.001	0.997	0.001
0.001	0.001	0.997	0.001
0.287	0.001	0.001	0.711
0.001	0.001	0.997	0.001
0.001	0.001	0.997	0.001
0.997	0.001	0.001	0.001
0.001	0.001	0.997	0.001
