>ARGGGAAGTG	1-ARGGGAAGTG	7.460446	-1449.217627	0	T:2808.0(31.44%),B:3899.6(10.52%),P:1e-629	Tpos:97.6,Tstd:45.4,Bpos:101.4,Bstd:82.3,StrandBias:0.5,Multiplicity:1.94
0.686	0.056	0.121	0.137
0.477	0.105	0.354	0.064
0.307	0.057	0.586	0.050
0.098	0.035	0.836	0.031
0.121	0.028	0.834	0.017
0.816	0.022	0.091	0.071
0.824	0.031	0.043	0.102
0.220	0.137	0.609	0.034
0.149	0.026	0.211	0.614
0.164	0.057	0.719	0.060
>GCAATTCGAC	2-GCAATTCGAC	6.184468	-1348.262134	0	T:600.0(6.72%),B:105.2(0.28%),P:1e-585	Tpos:89.1,Tstd:47.1,Bpos:106.9,Bstd:61.4,StrandBias:0.9,Multiplicity:1.00
0.005	0.002	0.992	0.001
0.009	0.965	0.018	0.008
0.971	0.001	0.001	0.027
0.994	0.001	0.004	0.001
0.005	0.003	0.003	0.989
0.004	0.001	0.001	0.994
0.001	0.997	0.001	0.001
0.001	0.001	0.994	0.004
0.996	0.001	0.001	0.002
0.001	0.995	0.002	0.002
>CTGGCTAATG	3-CTGGCTAATG	11.202511	-1249.035302	0	T:554.0(6.20%),B:96.2(0.26%),P:1e-542	Tpos:89.6,Tstd:59.2,Bpos:104.4,Bstd:63.7,StrandBias:-0.6,Multiplicity:1.00
0.001	0.997	0.001	0.001
0.001	0.001	0.001	0.997
0.001	0.001	0.997	0.001
0.001	0.330	0.668	0.001
0.001	0.669	0.329	0.001
0.270	0.001	0.001	0.728
0.997	0.001	0.001	0.001
0.997	0.001	0.001	0.001
0.001	0.001	0.001	0.997
0.408	0.001	0.590	0.001
>GAAGARGAAG	4-GAAGARGAAG	9.513439	-1158.276391	0	T:1775.0(19.87%),B:1960.8(5.29%),P:1e-503	Tpos:94.6,Tstd:49.9,Bpos:98.8,Bstd:107.2,StrandBias:1.5,Multiplicity:3.56
0.336	0.005	0.652	0.007
0.970	0.016	0.001	0.013
0.774	0.017	0.181	0.028
0.054	0.028	0.900	0.018
0.617	0.204	0.178	0.001
0.494	0.001	0.504	0.001
0.001	0.001	0.997	0.001
0.866	0.001	0.076	0.057
0.869	0.001	0.129	0.001
0.100	0.054	0.845	0.001
>TAACCCACGC	5-TAACCCACGC	10.296193	-964.723727	0	T:226.0(2.53%),B:5.4(0.01%),P:1e-418	Tpos:109.8,Tstd:36.0,Bpos:83.8,Bstd:65.8,StrandBias:0.4,Multiplicity:1.00
0.100	0.100	0.100	0.700
0.700	0.100	0.100	0.100
0.700	0.100	0.100	0.100
0.100	0.700	0.100	0.100
0.100	0.700	0.100	0.100
0.100	0.700	0.100	0.100
0.700	0.100	0.100	0.100
0.100	0.700	0.100	0.100
0.100	0.100	0.700	0.100
0.100	0.700	0.100	0.100
>ACGACTGCGT	6-ACGACTGCGT	10.296193	-852.484984	0	T:196.0(2.19%),B:5.0(0.01%),P:1e-370	Tpos:86.9,Tstd:64.2,Bpos:97.6,Bstd:43.2,StrandBias:-0.7,Multiplicity:1.00
0.700	0.100	0.100	0.100
0.100	0.700	0.100	0.100
0.100	0.100	0.700	0.100
0.700	0.100	0.100	0.100
0.100	0.700	0.100	0.100
0.100	0.100	0.100	0.700
0.100	0.100	0.700	0.100
0.100	0.700	0.100	0.100
0.100	0.100	0.700	0.100
0.100	0.100	0.100	0.700
>CAAYGTCRAA	7-CAAYGTCRAA	11.349754	-823.988252	0	T:247.0(2.77%),B:14.7(0.04%),P:1e-357	Tpos:103.9,Tstd:33.1,Bpos:100.3,Bstd:53.2,StrandBias:0.3,Multiplicity:1.00
0.215	0.569	0.215	0.001
0.784	0.001	0.214	0.001
0.997	0.001	0.001	0.001
0.001	0.430	0.001	0.568
0.001	0.001	0.997	0.001
0.001	0.001	0.001	0.997
0.001	0.997	0.001	0.001
0.354	0.215	0.430	0.001
0.997	0.001	0.001	0.001
0.997	0.001	0.001	0.001
>MGTRACATTG	8-MGTRACATTG	8.647095	-775.339369	0	T:524.0(5.87%),B:207.3(0.56%),P:1e-336	Tpos:100.8,Tstd:38.5,Bpos:103.7,Bstd:56.5,StrandBias:-0.5,Multiplicity:1.00
0.500	0.399	0.099	0.002
0.001	0.001	0.997	0.001
0.102	0.012	0.005	0.881
0.324	0.156	0.454	0.067
0.860	0.003	0.014	0.123
0.057	0.623	0.005	0.315
0.842	0.062	0.066	0.030
0.322	0.018	0.003	0.657
0.055	0.009	0.166	0.770
0.216	0.030	0.518	0.236
>CAAARGGAGA	9-CAAARGGAGA	10.937850	-759.205624	0	T:522.0(5.84%),B:212.4(0.57%),P:1e-329	Tpos:92.9,Tstd:57.8,Bpos:93.7,Bstd:66.5,StrandBias:0.7,Multiplicity:1.00
0.083	0.669	0.247	0.001
0.992	0.001	0.006	0.001
0.808	0.153	0.001	0.038
0.977	0.002	0.019	0.002
0.412	0.015	0.419	0.154
0.001	0.025	0.643	0.331
0.416	0.001	0.582	0.001
0.971	0.001	0.020	0.008
0.001	0.001	0.944	0.054
0.997	0.001	0.001	0.001
>GATGTTACAC	10-GATGTTACAC	10.296193	-752.290774	0	T:218.0(2.44%),B:11.6(0.03%),P:1e-326	Tpos:107.8,Tstd:63.8,Bpos:137.5,Bstd:38.5,StrandBias:0.1,Multiplicity:1.00
0.100	0.100	0.700	0.100
0.700	0.100	0.100	0.100
0.100	0.100	0.100	0.700
0.100	0.100	0.700	0.100
0.100	0.100	0.100	0.700
0.100	0.100	0.100	0.700
0.700	0.100	0.100	0.100
0.100	0.700	0.100	0.100
0.700	0.100	0.100	0.100
0.100	0.700	0.100	0.100
>ATGKGKCAAT	11-ATGKGKCAAT	10.643486	-722.652495	0	T:337.0(3.77%),B:65.7(0.18%),P:1e-313	Tpos:102.1,Tstd:49.3,Bpos:99.8,Bstd:63.6,StrandBias:0.3,Multiplicity:1.16
0.849	0.001	0.001	0.149
0.001	0.001	0.001	0.997
0.001	0.001	0.997	0.001
0.001	0.044	0.437	0.518
0.001	0.005	0.993	0.001
0.001	0.152	0.488	0.358
0.003	0.797	0.199	0.001
0.996	0.002	0.001	0.001
0.997	0.001	0.001	0.001
0.041	0.003	0.001	0.955
>ACCCTAAAAA	12-ACCCTAAAAA	11.740331	-718.809479	0	T:251.0(2.81%),B:23.3(0.06%),P:1e-312	Tpos:120.7,Tstd:44.6,Bpos:108.6,Bstd:52.4,StrandBias:1.5,Multiplicity:1.00
0.997	0.001	0.001	0.001
0.001	0.875	0.123	0.001
0.001	0.997	0.001	0.001
0.001	0.997	0.001	0.001
0.001	0.001	0.001	0.997
0.997	0.001	0.001	0.001
0.997	0.001	0.001	0.001
0.997	0.001	0.001	0.001
0.997	0.001	0.001	0.001
0.997	0.001	0.001	0.001
>ATGATATGAT	13-ATGATATGAT	8.537585	-674.319421	0	T:242.0(2.71%),B:24.5(0.07%),P:1e-292	Tpos:109.5,Tstd:29.8,Bpos:98.3,Bstd:45.8,StrandBias:1.9,Multiplicity:1.00
0.997	0.001	0.001	0.001
0.001	0.001	0.001	0.997
0.001	0.001	0.997	0.001
0.997	0.001	0.001	0.001
0.001	0.001	0.001	0.997
0.997	0.001	0.001	0.001
0.001	0.005	0.001	0.993
0.001	0.001	0.997	0.001
0.997	0.001	0.001	0.001
0.001	0.001	0.001	0.997
>CTCTACAGGT	14-CTCTACAGGT	10.296193	-663.048154	0	T:239.0(2.68%),B:25.0(0.07%),P:1e-287	Tpos:107.6,Tstd:50.8,Bpos:92.1,Bstd:80.5,StrandBias:0.2,Multiplicity:1.00
0.100	0.700	0.100	0.100
0.100	0.100	0.100	0.700
0.100	0.700	0.100	0.100
0.100	0.100	0.100	0.700
0.700	0.100	0.100	0.100
0.100	0.700	0.100	0.100
0.700	0.100	0.100	0.100
0.100	0.100	0.700	0.100
0.100	0.100	0.700	0.100
0.100	0.100	0.100	0.700
>TGRCRAGAAA	15-TGRCRAGAAA	10.345371	-626.607453	0	T:310.0(3.47%),B:68.5(0.18%),P:1e-272	Tpos:95.7,Tstd:53.4,Bpos:98.8,Bstd:62.9,StrandBias:-0.1,Multiplicity:1.13
0.008	0.084	0.089	0.819
0.001	0.249	0.749	0.001
0.454	0.001	0.516	0.029
0.036	0.942	0.001	0.021
0.439	0.001	0.559	0.001
0.765	0.032	0.001	0.202
0.001	0.001	0.997	0.001
0.599	0.001	0.393	0.007
0.760	0.001	0.001	0.238
0.742	0.006	0.244	0.008
>GTATCCCCTT	16-GTATCCCCTT	10.296193	-619.492672	0	T:214.0(2.40%),B:19.0(0.05%),P:1e-269	Tpos:83.4,Tstd:32.5,Bpos:96.2,Bstd:50.1,StrandBias:-1.9,Multiplicity:1.00
0.100	0.100	0.700	0.100
0.100	0.100	0.100	0.700
0.700	0.100	0.100	0.100
0.100	0.100	0.100	0.700
0.100	0.700	0.100	0.100
0.100	0.700	0.100	0.100
0.100	0.700	0.100	0.100
0.100	0.700	0.100	0.100
0.100	0.100	0.100	0.700
0.100	0.100	0.100	0.700
>MKTATATATA	17-MKTATATATA	12.461186	-606.568285	0	T:242.0(2.71%),B:33.0(0.09%),P:1e-263	Tpos:115.7,Tstd:36.5,Bpos:90.4,Bstd:53.5,StrandBias:-1.7,Multiplicity:1.00
0.483	0.513	0.003	0.001
0.001	0.001	0.504	0.494
0.001	0.001	0.001	0.997
0.994	0.001	0.004	0.001
0.001	0.001	0.001	0.997
0.997	0.001	0.001	0.001
0.001	0.001	0.001	0.997
0.997	0.001	0.001	0.001
0.001	0.003	0.001	0.995
0.997	0.001	0.001	0.001
>GACGGCTGAA	18-GACGGCTGAA	10.296193	-599.020979	0	T:154.0(1.72%),B:5.8(0.02%),P:1e-260	Tpos:86.0,Tstd:71.3,Bpos:101.8,Bstd:55.4,StrandBias:0.6,Multiplicity:1.00
0.100	0.100	0.700	0.100
0.700	0.100	0.100	0.100
0.100	0.700	0.100	0.100
0.100	0.100	0.700	0.100
0.100	0.100	0.700	0.100
0.100	0.700	0.100	0.100
0.100	0.100	0.100	0.700
0.100	0.100	0.700	0.100
0.700	0.100	0.100	0.100
0.700	0.100	0.100	0.100
>TTSCCAKTTC	19-TTSCCAKTTC	9.737096	-558.523569	0	T:274.0(3.07%),B:59.5(0.16%),P:1e-242	Tpos:107.6,Tstd:30.4,Bpos:88.8,Bstd:70.9,StrandBias:0.1,Multiplicity:1.00
0.047	0.174	0.001	0.778
0.001	0.003	0.059	0.937
0.237	0.406	0.309	0.047
0.002	0.647	0.177	0.174
0.001	0.700	0.298	0.001
0.515	0.245	0.004	0.236
0.002	0.250	0.446	0.302
0.183	0.001	0.048	0.768
0.002	0.001	0.001	0.996
0.003	0.901	0.002	0.094
>ATTTAAACCT	20-ATTTAAACCT	12.143083	-514.330510	0	T:215.0(2.41%),B:32.2(0.09%),P:1e-223	Tpos:90.7,Tstd:45.0,Bpos:98.3,Bstd:59.4,StrandBias:-0.6,Multiplicity:1.00
0.997	0.001	0.001	0.001
0.001	0.001	0.001	0.997
0.001	0.001	0.001	0.997
0.001	0.001	0.001	0.997
0.997	0.001	0.001	0.001
0.997	0.001	0.001	0.001
0.814	0.001	0.184	0.001
0.001	0.997	0.001	0.001
0.001	0.997	0.001	0.001
0.001	0.001	0.001	0.997
>GAACTCCTAA	21-GAACTCCTAA	10.296193	-510.739494	0	T:208.0(2.33%),B:29.5(0.08%),P:1e-221	Tpos:132.1,Tstd:55.2,Bpos:84.6,Bstd:58.5,StrandBias:1.9,Multiplicity:1.00
0.100	0.100	0.700	0.100
0.700	0.100	0.100	0.100
0.700	0.100	0.100	0.100
0.100	0.700	0.100	0.100
0.100	0.100	0.100	0.700
0.100	0.700	0.100	0.100
0.100	0.700	0.100	0.100
0.100	0.100	0.100	0.700
0.700	0.100	0.100	0.100
0.700	0.100	0.100	0.100
>ATAGTACTTG	22-ATAGTACTTG	7.615258	-489.083450	0	T:182.0(2.04%),B:20.4(0.06%),P:1e-212	Tpos:60.8,Tstd:58.1,Bpos:104.1,Bstd:54.3,StrandBias:1.8,Multiplicity:1.00
0.997	0.001	0.001	0.001
0.001	0.001	0.001	0.997
0.997	0.001	0.001	0.001
0.001	0.001	0.997	0.001
0.001	0.001	0.001	0.997
0.997	0.001	0.001	0.001
0.001	0.991	0.007	0.001
0.001	0.001	0.001	0.997
0.001	0.002	0.001	0.996
0.001	0.001	0.997	0.001
>CTCMTGTGAS	23-CTCMTGTGAS	9.765686	-280.587363	0	T:311.0(3.48%),B:237.1(0.64%),P:1e-121	Tpos:104.6,Tstd:34.2,Bpos:105.2,Bstd:58.0,StrandBias:0.3,Multiplicity:1.03
0.001	0.612	0.002	0.385
0.001	0.001	0.010	0.988
0.068	0.567	0.358	0.007
0.488	0.358	0.001	0.152
0.001	0.002	0.160	0.837
0.070	0.001	0.924	0.005
0.002	0.086	0.002	0.910
0.002	0.015	0.982	0.001
0.676	0.088	0.235	0.001
0.218	0.318	0.459	0.005
>CCTAACCCTA	24-CCTAACCCTA	10.296193	-102.484995	0	T:50.0(0.56%),B:11.4(0.03%),P:1e-44	Tpos:95.0,Tstd:47.5,Bpos:96.9,Bstd:53.5,StrandBias:-1.0,Multiplicity:18.62
0.100	0.700	0.100	0.100
0.100	0.700	0.100	0.100
0.100	0.100	0.100	0.700
0.700	0.100	0.100	0.100
0.700	0.100	0.100	0.100
0.100	0.700	0.100	0.100
0.100	0.700	0.100	0.100
0.100	0.700	0.100	0.100
0.100	0.100	0.100	0.700
0.700	0.100	0.100	0.100
>AGCACAGCAC	25-AGCACAGCAC	10.296193	-24.471873	0	T:32.0(0.36%),B:31.2(0.08%),P:1e-10	Tpos:96.7,Tstd:53.9,Bpos:108.9,Bstd:51.5,StrandBias:-0.0,Multiplicity:10.50
0.700	0.100	0.100	0.100
0.100	0.100	0.700	0.100
0.100	0.700	0.100	0.100
0.700	0.100	0.100	0.100
0.100	0.700	0.100	0.100
0.700	0.100	0.100	0.100
0.100	0.100	0.700	0.100
0.100	0.700	0.100	0.100
0.700	0.100	0.100	0.100
0.100	0.700	0.100	0.100
