>ARGGGAAGTG	1-ARGGGAAGTG	7.460446	-1449.217627	0	T:2808.0(31.44%),B:3899.6(10.52%),P:1e-629	Tpos:97.6,Tstd:45.4,Bpos:101.4,Bstd:82.3,StrandBias:0.5,Multiplicity:1.94
0.686	0.056	0.121	0.137
0.477	0.105	0.354	0.064
0.307	0.057	0.586	0.050
0.098	0.035	0.836	0.031
0.121	0.028	0.834	0.017
0.816	0.022	0.091	0.071
0.824	0.031	0.043	0.102
0.220	0.137	0.609	0.034
0.149	0.026	0.211	0.614
0.164	0.057	0.719	0.060
>GCAATTCGAC	2-GCAATTCGAC	6.184468	-1348.262134	0	T:600.0(6.72%),B:105.2(0.28%),P:1e-585	Tpos:89.1,Tstd:47.1,Bpos:106.9,Bstd:61.4,StrandBias:0.9,Multiplicity:1.00
0.005	0.002	0.992	0.001
0.009	0.965	0.018	0.008
0.971	0.001	0.001	0.027
0.994	0.001	0.004	0.001
0.005	0.003	0.003	0.989
0.004	0.001	0.001	0.994
0.001	0.997	0.001	0.001
0.001	0.001	0.994	0.004
0.996	0.001	0.001	0.002
0.001	0.995	0.002	0.002
>CTGGCTAATG	3-CTGGCTAATG	11.202511	-1249.035302	0	T:554.0(6.20%),B:96.2(0.26%),P:1e-542	Tpos:89.6,Tstd:59.2,Bpos:104.4,Bstd:63.7,StrandBias:-0.6,Multiplicity:1.00
0.001	0.997	0.001	0.001
0.001	0.001	0.001	0.997
0.001	0.001	0.997	0.001
0.001	0.330	0.668	0.001
0.001	0.669	0.329	0.001
0.270	0.001	0.001	0.728
0.997	0.001	0.001	0.001
0.997	0.001	0.001	0.001
0.001	0.001	0.001	0.997
0.408	0.001	0.590	0.001
>GAAGARGAAG	4-GAAGARGAAG	9.513439	-1158.276391	0	T:1775.0(19.87%),B:1960.8(5.29%),P:1e-503	Tpos:94.6,Tstd:49.9,Bpos:98.8,Bstd:107.2,StrandBias:1.5,Multiplicity:3.56
0.336	0.005	0.652	0.007
0.970	0.016	0.001	0.013
0.774	0.017	0.181	0.028
0.054	0.028	0.900	0.018
0.617	0.204	0.178	0.001
0.494	0.001	0.504	0.001
0.001	0.001	0.997	0.001
0.866	0.001	0.076	0.057
0.869	0.001	0.129	0.001
0.100	0.054	0.845	0.001
>TAACCCACGC	5-TAACCCACGC	10.296193	-964.723727	0	T:226.0(2.53%),B:5.4(0.01%),P:1e-418	Tpos:109.8,Tstd:36.0,Bpos:83.8,Bstd:65.8,StrandBias:0.4,Multiplicity:1.00
0.100	0.100	0.100	0.700
0.700	0.100	0.100	0.100
0.700	0.100	0.100	0.100
0.100	0.700	0.100	0.100
0.100	0.700	0.100	0.100
0.100	0.700	0.100	0.100
0.700	0.100	0.100	0.100
0.100	0.700	0.100	0.100
0.100	0.100	0.700	0.100
0.100	0.700	0.100	0.100
>ACGACTGCGT	6-ACGACTGCGT	10.296193	-852.484984	0	T:196.0(2.19%),B:5.0(0.01%),P:1e-370	Tpos:86.9,Tstd:64.2,Bpos:97.6,Bstd:43.2,StrandBias:-0.7,Multiplicity:1.00
0.700	0.100	0.100	0.100
0.100	0.700	0.100	0.100
0.100	0.100	0.700	0.100
0.700	0.100	0.100	0.100
0.100	0.700	0.100	0.100
0.100	0.100	0.100	0.700
0.100	0.100	0.700	0.100
0.100	0.700	0.100	0.100
0.100	0.100	0.700	0.100
0.100	0.100	0.100	0.700
>CAAYGTCRAA	7-CAAYGTCRAA	11.349754	-823.988252	0	T:247.0(2.77%),B:14.7(0.04%),P:1e-357	Tpos:103.9,Tstd:33.1,Bpos:100.3,Bstd:53.2,StrandBias:0.3,Multiplicity:1.00
0.215	0.569	0.215	0.001
0.784	0.001	0.214	0.001
0.997	0.001	0.001	0.001
0.001	0.430	0.001	0.568
0.001	0.001	0.997	0.001
0.001	0.001	0.001	0.997
0.001	0.997	0.001	0.001
0.354	0.215	0.430	0.001
0.997	0.001	0.001	0.001
0.997	0.001	0.001	0.001
>MGTRACATTG	8-MGTRACATTG	8.647095	-775.339369	0	T:524.0(5.87%),B:207.3(0.56%),P:1e-336	Tpos:100.8,Tstd:38.5,Bpos:103.7,Bstd:56.5,StrandBias:-0.5,Multiplicity:1.00
0.500	0.399	0.099	0.002
0.001	0.001	0.997	0.001
0.102	0.012	0.005	0.881
0.324	0.156	0.454	0.067
0.860	0.003	0.014	0.123
0.057	0.623	0.005	0.315
0.842	0.062	0.066	0.030
0.322	0.018	0.003	0.657
0.055	0.009	0.166	0.770
0.216	0.030	0.518	0.236
>CAAARGGAGA	9-CAAARGGAGA	10.937850	-759.205624	0	T:522.0(5.84%),B:212.4(0.57%),P:1e-329	Tpos:92.9,Tstd:57.8,Bpos:93.7,Bstd:66.5,StrandBias:0.7,Multiplicity:1.00
0.083	0.669	0.247	0.001
0.992	0.001	0.006	0.001
0.808	0.153	0.001	0.038
0.977	0.002	0.019	0.002
0.412	0.015	0.419	0.154
0.001	0.025	0.643	0.331
0.416	0.001	0.582	0.001
0.971	0.001	0.020	0.008
0.001	0.001	0.944	0.054
0.997	0.001	0.001	0.001
>GATGTTACAC	10-GATGTTACAC	10.296193	-752.290774	0	T:218.0(2.44%),B:11.6(0.03%),P:1e-326	Tpos:107.8,Tstd:63.8,Bpos:137.5,Bstd:38.5,StrandBias:0.1,Multiplicity:1.00
0.100	0.100	0.700	0.100
0.700	0.100	0.100	0.100
0.100	0.100	0.100	0.700
0.100	0.100	0.700	0.100
0.100	0.100	0.100	0.700
0.100	0.100	0.100	0.700
0.700	0.100	0.100	0.100
0.100	0.700	0.100	0.100
0.700	0.100	0.100	0.100
0.100	0.700	0.100	0.100
>ATGKGKCAAT	11-ATGKGKCAAT	10.643486	-722.652495	0	T:337.0(3.77%),B:65.7(0.18%),P:1e-313	Tpos:102.1,Tstd:49.3,Bpos:99.8,Bstd:63.6,StrandBias:0.3,Multiplicity:1.16
0.849	0.001	0.001	0.149
0.001	0.001	0.001	0.997
0.001	0.001	0.997	0.001
0.001	0.044	0.437	0.518
0.001	0.005	0.993	0.001
0.001	0.152	0.488	0.358
0.003	0.797	0.199	0.001
0.996	0.002	0.001	0.001
0.997	0.001	0.001	0.001
0.041	0.003	0.001	0.955
>ACCCTAAAAA	12-ACCCTAAAAA	11.740331	-718.809479	0	T:251.0(2.81%),B:23.3(0.06%),P:1e-312	Tpos:120.7,Tstd:44.6,Bpos:108.6,Bstd:52.4,StrandBias:1.5,Multiplicity:1.00
0.997	0.001	0.001	0.001
0.001	0.875	0.123	0.001
0.001	0.997	0.001	0.001
0.001	0.997	0.001	0.001
0.001	0.001	0.001	0.997
0.997	0.001	0.001	0.001
0.997	0.001	0.001	0.001
0.997	0.001	0.001	0.001
0.997	0.001	0.001	0.001
0.997	0.001	0.001	0.001
>ATGATATGAT	13-ATGATATGAT	8.537585	-674.319421	0	T:242.0(2.71%),B:24.5(0.07%),P:1e-292	Tpos:109.5,Tstd:29.8,Bpos:98.3,Bstd:45.8,StrandBias:1.9,Multiplicity:1.00
0.997	0.001	0.001	0.001
0.001	0.001	0.001	0.997
0.001	0.001	0.997	0.001
0.997	0.001	0.001	0.001
0.001	0.001	0.001	0.997
0.997	0.001	0.001	0.001
0.001	0.005	0.001	0.993
0.001	0.001	0.997	0.001
0.997	0.001	0.001	0.001
0.001	0.001	0.001	0.997
>CTCTACAGGT	14-CTCTACAGGT	10.296193	-663.048154	0	T:239.0(2.68%),B:25.0(0.07%),P:1e-287	Tpos:107.6,Tstd:50.8,Bpos:92.1,Bstd:80.5,StrandBias:0.2,Multiplicity:1.00
0.100	0.700	0.100	0.100
0.100	0.100	0.100	0.700
0.100	0.700	0.100	0.100
0.100	0.100	0.100	0.700
0.700	0.100	0.100	0.100
0.100	0.700	0.100	0.100
0.700	0.100	0.100	0.100
0.100	0.100	0.700	0.100
0.100	0.100	0.700	0.100
0.100	0.100	0.100	0.700
>TGRCRAGAAA	15-TGRCRAGAAA	10.345371	-626.607453	0	T:310.0(3.47%),B:68.5(0.18%),P:1e-272	Tpos:95.7,Tstd:53.4,Bpos:98.8,Bstd:62.9,StrandBias:-0.1,Multiplicity:1.13
0.008	0.084	0.089	0.819
0.001	0.249	0.749	0.001
0.454	0.001	0.516	0.029
0.036	0.942	0.001	0.021
0.439	0.001	0.559	0.001
0.765	0.032	0.001	0.202
0.001	0.001	0.997	0.001
0.599	0.001	0.393	0.007
0.760	0.001	0.001	0.238
0.742	0.006	0.244	0.008
>GTATCCCCTT	16-GTATCCCCTT	10.296193	-619.492672	0	T:214.0(2.40%),B:19.0(0.05%),P:1e-269	Tpos:83.4,Tstd:32.5,Bpos:96.2,Bstd:50.1,StrandBias:-1.9,Multiplicity:1.00
0.100	0.100	0.700	0.100
0.100	0.100	0.100	0.700
0.700	0.100	0.100	0.100
0.100	0.100	0.100	0.700
0.100	0.700	0.100	0.100
0.100	0.700	0.100	0.100
0.100	0.700	0.100	0.100
0.100	0.700	0.100	0.100
0.100	0.100	0.100	0.700
0.100	0.100	0.100	0.700
>MKTATATATA	17-MKTATATATA	12.461186	-606.568285	0	T:242.0(2.71%),B:33.0(0.09%),P:1e-263	Tpos:115.7,Tstd:36.5,Bpos:90.4,Bstd:53.5,StrandBias:-1.7,Multiplicity:1.00
0.483	0.513	0.003	0.001
0.001	0.001	0.504	0.494
0.001	0.001	0.001	0.997
0.994	0.001	0.004	0.001
0.001	0.001	0.001	0.997
0.997	0.001	0.001	0.001
0.001	0.001	0.001	0.997
0.997	0.001	0.001	0.001
0.001	0.003	0.001	0.995
0.997	0.001	0.001	0.001
>GACGGCTGAA	18-GACGGCTGAA	10.296193	-599.020979	0	T:154.0(1.72%),B:5.8(0.02%),P:1e-260	Tpos:86.0,Tstd:71.3,Bpos:101.8,Bstd:55.4,StrandBias:0.6,Multiplicity:1.00
0.100	0.100	0.700	0.100
0.700	0.100	0.100	0.100
0.100	0.700	0.100	0.100
0.100	0.100	0.700	0.100
0.100	0.100	0.700	0.100
0.100	0.700	0.100	0.100
0.100	0.100	0.100	0.700
0.100	0.100	0.700	0.100
0.700	0.100	0.100	0.100
0.700	0.100	0.100	0.100
>TTSCCAKTTC	19-TTSCCAKTTC	9.737096	-558.523569	0	T:274.0(3.07%),B:59.5(0.16%),P:1e-242	Tpos:107.6,Tstd:30.4,Bpos:88.8,Bstd:70.9,StrandBias:0.1,Multiplicity:1.00
0.047	0.174	0.001	0.778
0.001	0.003	0.059	0.937
0.237	0.406	0.309	0.047
0.002	0.647	0.177	0.174
0.001	0.700	0.298	0.001
0.515	0.245	0.004	0.236
0.002	0.250	0.446	0.302
0.183	0.001	0.048	0.768
0.002	0.001	0.001	0.996
0.003	0.901	0.002	0.094
>ATTTAAACCT	20-ATTTAAACCT	12.143083	-514.330510	0	T:215.0(2.41%),B:32.2(0.09%),P:1e-223	Tpos:90.7,Tstd:45.0,Bpos:98.3,Bstd:59.4,StrandBias:-0.6,Multiplicity:1.00
0.997	0.001	0.001	0.001
0.001	0.001	0.001	0.997
0.001	0.001	0.001	0.997
0.001	0.001	0.001	0.997
0.997	0.001	0.001	0.001
0.997	0.001	0.001	0.001
0.814	0.001	0.184	0.001
0.001	0.997	0.001	0.001
0.001	0.997	0.001	0.001
0.001	0.001	0.001	0.997
>GAACTCCTAA	21-GAACTCCTAA	10.296193	-510.739494	0	T:208.0(2.33%),B:29.5(0.08%),P:1e-221	Tpos:132.1,Tstd:55.2,Bpos:84.6,Bstd:58.5,StrandBias:1.9,Multiplicity:1.00
0.100	0.100	0.700	0.100
0.700	0.100	0.100	0.100
0.700	0.100	0.100	0.100
0.100	0.700	0.100	0.100
0.100	0.100	0.100	0.700
0.100	0.700	0.100	0.100
0.100	0.700	0.100	0.100
0.100	0.100	0.100	0.700
0.700	0.100	0.100	0.100
0.700	0.100	0.100	0.100
>ATAGTACTTG	22-ATAGTACTTG	7.615258	-489.083450	0	T:182.0(2.04%),B:20.4(0.06%),P:1e-212	Tpos:60.8,Tstd:58.1,Bpos:104.1,Bstd:54.3,StrandBias:1.8,Multiplicity:1.00
0.997	0.001	0.001	0.001
0.001	0.001	0.001	0.997
0.997	0.001	0.001	0.001
0.001	0.001	0.997	0.001
0.001	0.001	0.001	0.997
0.997	0.001	0.001	0.001
0.001	0.991	0.007	0.001
0.001	0.001	0.001	0.997
0.001	0.002	0.001	0.996
0.001	0.001	0.997	0.001
>CTCMTGTGAS	23-CTCMTGTGAS	9.765686	-280.587363	0	T:311.0(3.48%),B:237.1(0.64%),P:1e-121	Tpos:104.6,Tstd:34.2,Bpos:105.2,Bstd:58.0,StrandBias:0.3,Multiplicity:1.03
0.001	0.612	0.002	0.385
0.001	0.001	0.010	0.988
0.068	0.567	0.358	0.007
0.488	0.358	0.001	0.152
0.001	0.002	0.160	0.837
0.070	0.001	0.924	0.005
0.002	0.086	0.002	0.910
0.002	0.015	0.982	0.001
0.676	0.088	0.235	0.001
0.218	0.318	0.459	0.005
>CCTAACCCTA	24-CCTAACCCTA	10.296193	-102.484995	0	T:50.0(0.56%),B:11.4(0.03%),P:1e-44	Tpos:95.0,Tstd:47.5,Bpos:96.9,Bstd:53.5,StrandBias:-1.0,Multiplicity:18.62
0.100	0.700	0.100	0.100
0.100	0.700	0.100	0.100
0.100	0.100	0.100	0.700
0.700	0.100	0.100	0.100
0.700	0.100	0.100	0.100
0.100	0.700	0.100	0.100
0.100	0.700	0.100	0.100
0.100	0.700	0.100	0.100
0.100	0.100	0.100	0.700
0.700	0.100	0.100	0.100
>AGCACAGCAC	25-AGCACAGCAC	10.296193	-24.471873	0	T:32.0(0.36%),B:31.2(0.08%),P:1e-10	Tpos:96.7,Tstd:53.9,Bpos:108.9,Bstd:51.5,StrandBias:-0.0,Multiplicity:10.50
0.700	0.100	0.100	0.100
0.100	0.100	0.700	0.100
0.100	0.700	0.100	0.100
0.700	0.100	0.100	0.100
0.100	0.700	0.100	0.100
0.700	0.100	0.100	0.100
0.100	0.100	0.700	0.100
0.100	0.700	0.100	0.100
0.700	0.100	0.100	0.100
0.100	0.700	0.100	0.100
>GGYCTGGCWAAT	1-GGYCTGGCWAAT	11.936863	-2178.080652	0	T:570.0(6.38%),B:20.8(0.06%),P:1e-945	Tpos:90.3,Tstd:57.4,Bpos:104.0,Bstd:57.7,StrandBias:-0.6,Multiplicity:1.00
0.076	0.001	0.881	0.042
0.029	0.111	0.841	0.019
0.009	0.563	0.001	0.427
0.009	0.962	0.028	0.001
0.029	0.010	0.010	0.951
0.067	0.001	0.904	0.028
0.263	0.029	0.698	0.010
0.019	0.924	0.019	0.038
0.431	0.028	0.001	0.540
0.980	0.018	0.001	0.001
0.933	0.029	0.019	0.019
0.019	0.010	0.010	0.961
>CACTTCCCCTTY	2-CACTTCCCCTTY	8.462684	-1592.235807	0	T:2689.0(30.11%),B:3357.4(9.05%),P:1e-691	Tpos:97.1,Tstd:47.3,Bpos:103.0,Bstd:86.5,StrandBias:-0.5,Multiplicity:2.05
0.037	0.640	0.067	0.256
0.581	0.204	0.040	0.175
0.014	0.688	0.067	0.231
0.010	0.022	0.004	0.964
0.012	0.013	0.115	0.860
0.001	0.784	0.005	0.210
0.004	0.743	0.002	0.251
0.024	0.544	0.039	0.393
0.106	0.582	0.058	0.254
0.189	0.298	0.046	0.467
0.070	0.273	0.067	0.590
0.093	0.386	0.060	0.460
>GTATCTCCTTGW	3-GTATCTCCTTGW	10.402102	-1252.659133	0	T:465.0(5.21%),B:52.0(0.14%),P:1e-544	Tpos:91.0,Tstd:54.1,Bpos:98.0,Bstd:60.2,StrandBias:-0.6,Multiplicity:1.13
0.329	0.027	0.600	0.044
0.004	0.170	0.115	0.711
0.560	0.016	0.040	0.384
0.115	0.017	0.048	0.820
0.071	0.802	0.083	0.044
0.032	0.288	0.020	0.660
0.141	0.649	0.046	0.164
0.180	0.694	0.025	0.101
0.291	0.212	0.004	0.493
0.052	0.031	0.046	0.871
0.068	0.030	0.763	0.139
0.435	0.051	0.021	0.493
>GGAAAAGGGGAA	4-GGAAAAGGGGAA	13.237276	-1238.387758	0	T:549.0(6.15%),B:95.7(0.26%),P:1e-537	Tpos:90.5,Tstd:37.6,Bpos:115.8,Bstd:80.9,StrandBias:1.0,Multiplicity:1.62
0.001	0.001	0.997	0.001
0.203	0.180	0.616	0.001
0.690	0.001	0.308	0.001
0.702	0.001	0.296	0.001
0.997	0.001	0.001	0.001
0.849	0.001	0.149	0.001
0.129	0.001	0.869	0.001
0.185	0.001	0.813	0.001
0.003	0.001	0.995	0.001
0.163	0.001	0.835	0.001
0.997	0.001	0.001	0.001
0.997	0.001	0.001	0.001
>TGCCAGTTCCTC	5-TGCCAGTTCCTC	12.355432	-1136.666699	0	T:248.0(2.78%),B:4.8(0.01%),P:1e-493	Tpos:106.6,Tstd:26.8,Bpos:78.2,Bstd:42.4,StrandBias:0.2,Multiplicity:1.00
0.100	0.100	0.100	0.700
0.100	0.100	0.700	0.100
0.100	0.700	0.100	0.100
0.100	0.700	0.100	0.100
0.700	0.100	0.100	0.100
0.100	0.100	0.700	0.100
0.100	0.100	0.100	0.700
0.100	0.100	0.100	0.700
0.100	0.700	0.100	0.100
0.100	0.700	0.100	0.100
0.100	0.100	0.100	0.700
0.100	0.700	0.100	0.100
>CTCAATGTCAAA	6-CTCAATGTCAAA	14.667040	-1136.666699	0	T:248.0(2.78%),B:4.4(0.01%),P:1e-493	Tpos:103.7,Tstd:33.8,Bpos:86.9,Bstd:15.9,StrandBias:0.3,Multiplicity:1.00
0.001	0.997	0.001	0.001
0.001	0.001	0.001	0.997
0.001	0.725	0.273	0.001
0.997	0.001	0.001	0.001
0.725	0.001	0.001	0.273
0.001	0.001	0.001	0.997
0.001	0.001	0.997	0.001
0.001	0.001	0.001	0.997
0.001	0.725	0.001	0.273
0.997	0.001	0.001	0.001
0.997	0.001	0.001	0.001
0.997	0.001	0.001	0.001
>ATGTGGCAATTA	7-ATGTGGCAATTA	11.304164	-1119.942945	0	T:245.0(2.74%),B:4.9(0.01%),P:1e-486	Tpos:108.4,Tstd:31.9,Bpos:78.5,Bstd:56.1,StrandBias:0.2,Multiplicity:1.00
0.997	0.001	0.001	0.001
0.001	0.001	0.001	0.997
0.001	0.001	0.997	0.001
0.001	0.001	0.001	0.997
0.001	0.001	0.997	0.001
0.001	0.001	0.997	0.001
0.005	0.606	0.388	0.001
0.997	0.001	0.001	0.001
0.997	0.001	0.001	0.001
0.001	0.001	0.001	0.997
0.001	0.001	0.001	0.997
0.997	0.001	0.001	0.001
>GGTATTCGACCT	8-GGTATTCGACCT	10.409522	-1076.204747	0	T:247.0(2.77%),B:5.9(0.02%),P:1e-467	Tpos:108.9,Tstd:44.3,Bpos:95.0,Bstd:86.6,StrandBias:0.2,Multiplicity:1.00
0.100	0.100	0.700	0.100
0.100	0.100	0.700	0.100
0.100	0.100	0.100	0.700
0.700	0.100	0.100	0.100
0.100	0.100	0.100	0.700
0.100	0.100	0.100	0.700
0.100	0.700	0.100	0.100
0.100	0.100	0.700	0.100
0.700	0.100	0.100	0.100
0.100	0.700	0.100	0.100
0.100	0.700	0.100	0.100
0.100	0.100	0.100	0.700
>GTRACATTTTTA	9-GTRACATTTTTA	12.950713	-1015.909873	0	T:244.0(2.73%),B:6.4(0.02%),P:1e-441	Tpos:101.9,Tstd:42.1,Bpos:74.6,Bstd:28.6,StrandBias:0.3,Multiplicity:1.00
0.004	0.001	0.994	0.001
0.350	0.001	0.001	0.648
0.464	0.001	0.534	0.001
0.877	0.008	0.114	0.001
0.131	0.696	0.001	0.172
0.997	0.001	0.001	0.001
0.001	0.001	0.001	0.997
0.001	0.001	0.356	0.642
0.001	0.001	0.353	0.645
0.002	0.003	0.345	0.650
0.001	0.001	0.179	0.819
0.997	0.001	0.001	0.001
>TACACATGTTTC	10-TACACATGTTTC	12.355432	-987.873101	0	T:196.0(2.19%),B:2.2(0.01%),P:1e-429	Tpos:104.0,Tstd:66.5,Bpos:169.0,Bstd:17.3,StrandBias:0.0,Multiplicity:1.00
0.100	0.100	0.100	0.700
0.700	0.100	0.100	0.100
0.100	0.700	0.100	0.100
0.700	0.100	0.100	0.100
0.100	0.700	0.100	0.100
0.700	0.100	0.100	0.100
0.100	0.100	0.100	0.700
0.100	0.100	0.700	0.100
0.100	0.100	0.100	0.700
0.100	0.100	0.100	0.700
0.100	0.100	0.100	0.700
0.100	0.700	0.100	0.100
>GCTGTGAGTTCT	11-GCTGTGAGTTCT	12.355432	-946.182114	0	T:244.0(2.73%),B:8.8(0.02%),P:1e-410	Tpos:105.1,Tstd:26.9,Bpos:87.1,Bstd:63.6,StrandBias:0.3,Multiplicity:1.00
0.100	0.100	0.700	0.100
0.100	0.700	0.100	0.100
0.100	0.100	0.100	0.700
0.100	0.100	0.700	0.100
0.100	0.100	0.100	0.700
0.100	0.100	0.700	0.100
0.700	0.100	0.100	0.100
0.100	0.100	0.700	0.100
0.100	0.100	0.100	0.700
0.100	0.100	0.100	0.700
0.100	0.700	0.100	0.100
0.100	0.100	0.100	0.700
>GAAAAGAAGCCC	12-GAAAAGAAGCCC	12.355432	-893.354531	0	T:220.0(2.46%),B:6.8(0.02%),P:1e-387	Tpos:98.6,Tstd:49.6,Bpos:73.9,Bstd:37.1,StrandBias:0.4,Multiplicity:1.00
0.100	0.100	0.700	0.100
0.700	0.100	0.100	0.100
0.700	0.100	0.100	0.100
0.700	0.100	0.100	0.100
0.700	0.100	0.100	0.100
0.100	0.100	0.700	0.100
0.700	0.100	0.100	0.100
0.700	0.100	0.100	0.100
0.100	0.100	0.700	0.100
0.100	0.700	0.100	0.100
0.100	0.700	0.100	0.100
0.100	0.700	0.100	0.100
>CATTACGCAGTC	13-CATTACGCAGTC	14.339677	-820.539129	0	T:190.0(2.13%),B:5.0(0.01%),P:1e-356	Tpos:87.4,Tstd:63.1,Bpos:98.5,Bstd:45.0,StrandBias:0.7,Multiplicity:1.00
0.001	0.997	0.001	0.001
0.997	0.001	0.001	0.001
0.001	0.214	0.001	0.784
0.001	0.001	0.001	0.997
0.997	0.001	0.001	0.001
0.001	0.997	0.001	0.001
0.001	0.001	0.997	0.001
0.214	0.784	0.001	0.001
0.784	0.214	0.001	0.001
0.001	0.001	0.997	0.001
0.001	0.001	0.001	0.997
0.001	0.784	0.001	0.214
>TATATATAAGTG	14-TATATATAAGTG	10.370747	-750.648795	0	T:244.0(2.73%),B:18.9(0.05%),P:1e-326	Tpos:117.0,Tstd:38.0,Bpos:84.5,Bstd:52.3,StrandBias:1.7,Multiplicity:1.00
0.001	0.001	0.001	0.997
0.997	0.001	0.001	0.001
0.001	0.001	0.001	0.997
0.997	0.001	0.001	0.001
0.001	0.001	0.001	0.997
0.997	0.001	0.001	0.001
0.008	0.001	0.001	0.990
0.987	0.011	0.001	0.001
0.997	0.001	0.001	0.001
0.001	0.001	0.997	0.001
0.001	0.002	0.002	0.995
0.001	0.001	0.997	0.001
>ATTCGACAACAA	15-ATTCGACAACAA	11.432864	-729.364050	0	T:245.0(2.74%),B:20.6(0.06%),P:1e-316	Tpos:71.8,Tstd:44.3,Bpos:96.8,Bstd:63.7,StrandBias:1.9,Multiplicity:1.00
0.995	0.002	0.001	0.002
0.008	0.002	0.001	0.989
0.001	0.001	0.001	0.997
0.001	0.919	0.008	0.072
0.055	0.025	0.915	0.005
0.994	0.002	0.002	0.002
0.007	0.991	0.001	0.001
0.997	0.001	0.001	0.001
0.997	0.001	0.001	0.001
0.025	0.972	0.001	0.002
0.997	0.001	0.001	0.001
0.995	0.002	0.002	0.001
>CCTTTGGAAAAC	16-CCTTTGGAAAAC	12.355432	-677.217789	0	T:154.0(1.72%),B:3.6(0.01%),P:1e-294	Tpos:104.4,Tstd:72.3,Bpos:127.3,Bstd:53.3,StrandBias:0.0,Multiplicity:1.00
0.100	0.700	0.100	0.100
0.100	0.700	0.100	0.100
0.100	0.100	0.100	0.700
0.100	0.100	0.100	0.700
0.100	0.100	0.100	0.700
0.100	0.100	0.700	0.100
0.100	0.100	0.700	0.100
0.700	0.100	0.100	0.100
0.700	0.100	0.100	0.100
0.700	0.100	0.100	0.100
0.700	0.100	0.100	0.100
0.100	0.700	0.100	0.100
>ACCAGAGAACTC	17-ACCAGAGAACTC	10.372788	-675.330063	0	T:212.0(2.37%),B:14.4(0.04%),P:1e-293	Tpos:128.8,Tstd:54.4,Bpos:80.1,Bstd:49.0,StrandBias:1.7,Multiplicity:1.00
0.997	0.001	0.001	0.001
0.001	0.997	0.001	0.001
0.001	0.997	0.001	0.001
0.997	0.001	0.001	0.001
0.002	0.001	0.995	0.002
0.997	0.001	0.001	0.001
0.008	0.001	0.990	0.001
0.993	0.001	0.005	0.001
0.997	0.001	0.001	0.001
0.001	0.997	0.001	0.001
0.001	0.001	0.005	0.993
0.001	0.997	0.001	0.001
>GCTGAAAGGCAC	18-GCTGAAAGGCAC	13.302567	-654.795981	0	T:217.0(2.43%),B:17.7(0.05%),P:1e-284	Tpos:92.3,Tstd:33.8,Bpos:102.3,Bstd:59.0,StrandBias:0.1,Multiplicity:1.31
0.001	0.001	0.997	0.001
0.001	0.760	0.001	0.238
0.001	0.001	0.001	0.997
0.001	0.001	0.606	0.392
0.997	0.001	0.001	0.001
0.997	0.001	0.001	0.001
0.997	0.001	0.001	0.001
0.001	0.001	0.605	0.393
0.001	0.001	0.997	0.001
0.001	0.997	0.001	0.001
0.997	0.001	0.001	0.001
0.001	0.997	0.001	0.001
>CCYWAAAATTCC	19-CCYWAAAATTCC	10.266193	-635.015902	0	T:218.0(2.44%),B:19.5(0.05%),P:1e-275	Tpos:126.3,Tstd:46.4,Bpos:112.1,Bstd:50.7,StrandBias:1.8,Multiplicity:1.00
0.045	0.571	0.344	0.040
0.083	0.794	0.001	0.122
0.080	0.428	0.003	0.490
0.486	0.077	0.001	0.435
0.803	0.001	0.090	0.106
0.899	0.072	0.016	0.013
0.860	0.029	0.077	0.034
0.727	0.021	0.176	0.076
0.300	0.185	0.062	0.453
0.207	0.222	0.005	0.566
0.042	0.542	0.035	0.381
0.086	0.528	0.133	0.253
>TATGATMTGAAA	20-TATGATMTGAAA	9.033155	-634.110503	0	T:368.0(4.12%),B:111.1(0.30%),P:1e-275	Tpos:105.0,Tstd:30.6,Bpos:94.9,Bstd:62.2,StrandBias:0.1,Multiplicity:1.57
0.121	0.020	0.234	0.625
0.606	0.133	0.037	0.224
0.046	0.005	0.267	0.682
0.027	0.230	0.670	0.073
0.810	0.034	0.026	0.130
0.049	0.287	0.028	0.636
0.441	0.378	0.090	0.091
0.041	0.011	0.280	0.668
0.022	0.035	0.696	0.247
0.517	0.253	0.203	0.027
0.565	0.055	0.019	0.361
0.809	0.031	0.038	0.122
>TGGGGCARTAGA	21-TGGGGCARTAGA	14.698406	-567.489670	0	T:141.0(1.58%),B:4.2(0.01%),P:1e-246	Tpos:99.8,Tstd:45.9,Bpos:89.5,Bstd:72.5,StrandBias:0.0,Multiplicity:1.61
0.001	0.001	0.155	0.843
0.001	0.001	0.997	0.001
0.001	0.001	0.997	0.001
0.001	0.001	0.997	0.001
0.001	0.001	0.997	0.001
0.001	0.997	0.001	0.001
0.997	0.001	0.001	0.001
0.574	0.001	0.424	0.001
0.001	0.001	0.001	0.997
0.997	0.001	0.001	0.001
0.001	0.306	0.692	0.001
0.997	0.001	0.001	0.001
>TTCTTCTTCTTC	22-TTCTTCTTCTTC	11.510722	-226.860036	0	T:467.0(5.23%),B:615.7(1.66%),P:1e-98	Tpos:92.1,Tstd:48.8,Bpos:95.7,Bstd:112.8,StrandBias:-2.0,Multiplicity:2.48
0.001	0.066	0.001	0.932
0.002	0.001	0.010	0.987
0.001	0.994	0.004	0.001
0.001	0.119	0.001	0.879
0.001	0.001	0.019	0.979
0.001	0.995	0.003	0.001
0.001	0.130	0.001	0.868
0.002	0.001	0.029	0.968
0.001	0.997	0.001	0.001
0.001	0.068	0.001	0.930
0.001	0.001	0.010	0.988
0.001	0.997	0.001	0.001
>CCTAACCCTAAC	23-CCTAACCCTAAC	10.380828	-199.672671	0	T:53.0(0.59%),B:2.4(0.01%),P:1e-86	Tpos:94.9,Tstd:47.0,Bpos:68.9,Bstd:26.7,StrandBias:-1.0,Multiplicity:17.43
0.001	0.997	0.001	0.001
0.001	0.997	0.001	0.001
0.001	0.001	0.001	0.997
0.997	0.001	0.001	0.001
0.996	0.001	0.002	0.001
0.001	0.997	0.001	0.001
0.001	0.997	0.001	0.001
0.001	0.997	0.001	0.001
0.001	0.008	0.001	0.990
0.997	0.001	0.001	0.001
0.997	0.001	0.001	0.001
0.001	0.997	0.001	0.001
>CAGAAGCAGAAG	24-CAGAAGCAGAAG	12.355432	-68.210262	0	T:34.0(0.38%),B:8.8(0.02%),P:1e-29	Tpos:77.7,Tstd:31.5,Bpos:71.9,Bstd:28.9,StrandBias:0.9,Multiplicity:8.56
0.100	0.700	0.100	0.100
0.700	0.100	0.100	0.100
0.100	0.100	0.700	0.100
0.700	0.100	0.100	0.100
0.700	0.100	0.100	0.100
0.100	0.100	0.700	0.100
0.100	0.700	0.100	0.100
0.700	0.100	0.100	0.100
0.100	0.100	0.700	0.100
0.700	0.100	0.100	0.100
0.700	0.100	0.100	0.100
0.100	0.100	0.700	0.100
>ACAGCACAGMMM	25-ACAGCACAGMMM	10.948154	-21.378111	0	T:22.0(0.25%),B:17.2(0.05%),P:1e-9	Tpos:97.7,Tstd:51.9,Bpos:92.6,Bstd:43.4,StrandBias:-0.4,Multiplicity:7.64
0.743	0.076	0.098	0.083
0.154	0.671	0.093	0.082
0.719	0.047	0.118	0.116
0.160	0.063	0.610	0.167
0.085	0.740	0.089	0.086
0.686	0.106	0.098	0.110
0.075	0.732	0.118	0.075
0.626	0.073	0.139	0.162
0.084	0.096	0.747	0.073
0.494	0.401	0.063	0.042
0.516	0.398	0.045	0.041
0.485	0.431	0.037	0.046
>GAGGAAGT	1-GAGGAAGT	6.432139	-3078.986783	0	T:5225.0(58.50%),B:7594.0(20.48%),P:1e-1337	Tpos:99.3,Tstd:40.9,Bpos:100.0,Bstd:72.8,StrandBias:0.3,Multiplicity:1.37
0.135	0.104	0.728	0.033
0.815	0.017	0.159	0.009
0.001	0.001	0.997	0.001
0.001	0.001	0.997	0.001
0.997	0.001	0.001	0.001
0.997	0.001	0.001	0.001
0.025	0.068	0.906	0.001
0.086	0.021	0.037	0.856
>AAGAGGAA	2-AAGAGGAA	7.472780	-1129.847172	0	T:2910.0(32.58%),B:4852.8(13.09%),P:1e-490	Tpos:95.8,Tstd:50.6,Bpos:100.7,Bstd:97.5,StrandBias:1.3,Multiplicity:2.66
0.997	0.001	0.001	0.001
0.949	0.001	0.001	0.049
0.001	0.001	0.997	0.001
0.798	0.001	0.200	0.001
0.301	0.001	0.697	0.001
0.001	0.001	0.997	0.001
0.997	0.001	0.001	0.001
0.997	0.001	0.001	0.001
>GGTATTCG	3-GGTATTCG	8.236954	-691.060839	0	T:241.0(2.70%),B:22.7(0.06%),P:1e-300	Tpos:108.7,Tstd:43.1,Bpos:83.4,Bstd:62.2,StrandBias:0.3,Multiplicity:1.00
0.100	0.100	0.700	0.100
0.100	0.100	0.700	0.100
0.100	0.100	0.100	0.700
0.700	0.100	0.100	0.100
0.100	0.100	0.100	0.700
0.100	0.100	0.100	0.700
0.100	0.700	0.100	0.100
0.100	0.100	0.700	0.100
>GCTAATAC	4-GCTAATAC	8.236954	-657.793551	0	T:332.0(3.72%),B:76.0(0.21%),P:1e-285	Tpos:74.2,Tstd:56.7,Bpos:109.1,Bstd:54.5,StrandBias:-1.4,Multiplicity:1.00
0.100	0.100	0.700	0.100
0.100	0.700	0.100	0.100
0.100	0.100	0.100	0.700
0.700	0.100	0.100	0.100
0.700	0.100	0.100	0.100
0.100	0.100	0.100	0.700
0.700	0.100	0.100	0.100
0.100	0.700	0.100	0.100
>CAATTCGA	5-CAATTCGA	8.236954	-473.990578	0	T:201.0(2.25%),B:31.2(0.08%),P:1e-205	Tpos:73.1,Tstd:49.8,Bpos:90.2,Bstd:59.7,StrandBias:1.6,Multiplicity:1.00
0.100	0.700	0.100	0.100
0.700	0.100	0.100	0.100
0.700	0.100	0.100	0.100
0.100	0.100	0.100	0.700
0.100	0.100	0.100	0.700
0.100	0.700	0.100	0.100
0.100	0.100	0.700	0.100
0.700	0.100	0.100	0.100
>ATTAACCC	6-ATTAACCC	8.236954	-406.644339	0	T:260.0(2.91%),B:93.1(0.25%),P:1e-176	Tpos:108.3,Tstd:36.3,Bpos:98.7,Bstd:62.3,StrandBias:0.3,Multiplicity:1.00
0.700	0.100	0.100	0.100
0.100	0.100	0.100	0.700
0.100	0.100	0.100	0.700
0.700	0.100	0.100	0.100
0.700	0.100	0.100	0.100
0.100	0.700	0.100	0.100
0.100	0.700	0.100	0.100
0.100	0.700	0.100	0.100
>GATGATAT	7-GATGATAT	8.236954	-332.873270	0	T:263.0(2.94%),B:131.5(0.35%),P:1e-144	Tpos:108.3,Tstd:32.7,Bpos:100.7,Bstd:61.6,StrandBias:1.7,Multiplicity:1.00
0.100	0.100	0.700	0.100
0.700	0.100	0.100	0.100
0.100	0.100	0.100	0.700
0.100	0.100	0.700	0.100
0.700	0.100	0.100	0.100
0.100	0.100	0.100	0.700
0.700	0.100	0.100	0.100
0.100	0.100	0.100	0.700
>GTATCCCC	8-GTATCCCC	8.236954	-329.330139	0	T:253.0(2.83%),B:121.3(0.33%),P:1e-143	Tpos:84.2,Tstd:35.0,Bpos:96.4,Bstd:55.3,StrandBias:-1.7,Multiplicity:1.00
0.100	0.100	0.700	0.100
0.100	0.100	0.100	0.700
0.700	0.100	0.100	0.100
0.100	0.100	0.100	0.700
0.100	0.700	0.100	0.100
0.100	0.700	0.100	0.100
0.100	0.700	0.100	0.100
0.100	0.700	0.100	0.100
>GTCAAAAT	9-GTCAAAAT	8.236954	-299.709690	0	T:276.0(3.09%),B:169.5(0.46%),P:1e-130	Tpos:98.8,Tstd:29.4,Bpos:100.2,Bstd:60.1,StrandBias:1.7,Multiplicity:1.00
0.100	0.100	0.700	0.100
0.100	0.100	0.100	0.700
0.100	0.700	0.100	0.100
0.700	0.100	0.100	0.100
0.700	0.100	0.100	0.100
0.700	0.100	0.100	0.100
0.700	0.100	0.100	0.100
0.100	0.100	0.100	0.700
>CTGATAAA	10-CTGATAAA	10.828524	-285.267856	0	T:299.0(3.35%),B:214.5(0.58%),P:1e-123	Tpos:127.6,Tstd:63.7,Bpos:93.8,Bstd:65.7,StrandBias:1.2,Multiplicity:1.00
0.001	0.997	0.001	0.001
0.001	0.001	0.001	0.997
0.001	0.001	0.997	0.001
0.997	0.001	0.001	0.001
0.001	0.001	0.001	0.997
0.997	0.001	0.001	0.001
0.997	0.001	0.001	0.001
0.786	0.001	0.212	0.001
>TACAGGTC	11-TACAGGTC	8.236954	-280.942395	0	T:262.0(2.93%),B:163.1(0.44%),P:1e-122	Tpos:107.7,Tstd:53.2,Bpos:109.1,Bstd:58.7,StrandBias:0.2,Multiplicity:1.00
0.100	0.100	0.100	0.700
0.700	0.100	0.100	0.100
0.100	0.700	0.100	0.100
0.700	0.100	0.100	0.100
0.100	0.100	0.700	0.100
0.100	0.100	0.700	0.100
0.100	0.100	0.100	0.700
0.100	0.700	0.100	0.100
>TGACATTG	12-TGACATTG	8.236954	-275.941405	0	T:282.0(3.16%),B:196.7(0.53%),P:1e-119	Tpos:102.1,Tstd:40.4,Bpos:99.4,Bstd:58.2,StrandBias:0.0,Multiplicity:1.87
0.100	0.100	0.100	0.700
0.100	0.100	0.700	0.100
0.700	0.100	0.100	0.100
0.100	0.700	0.100	0.100
0.700	0.100	0.100	0.100
0.100	0.100	0.100	0.700
0.100	0.100	0.100	0.700
0.100	0.100	0.700	0.100
>TGGCAARW	13-TGGCAARW	8.924023	-264.917491	0	T:364.0(4.08%),B:345.1(0.93%),P:1e-115	Tpos:106.5,Tstd:33.9,Bpos:103.7,Bstd:61.3,StrandBias:-0.3,Multiplicity:1.00
0.001	0.283	0.001	0.715
0.001	0.152	0.846	0.001
0.001	0.001	0.997	0.001
0.070	0.776	0.001	0.153
0.786	0.001	0.212	0.001
0.997	0.001	0.001	0.001
0.439	0.001	0.559	0.001
0.559	0.001	0.001	0.439
>GAAGCCCG	14-GAAGCCCG	8.236954	-260.717647	0	T:280.0(3.14%),B:206.4(0.56%),P:1e-113	Tpos:99.0,Tstd:48.4,Bpos:91.0,Bstd:70.3,StrandBias:0.3,Multiplicity:1.00
0.100	0.100	0.700	0.100
0.700	0.100	0.100	0.100
0.700	0.100	0.100	0.100
0.100	0.100	0.700	0.100
0.100	0.700	0.100	0.100
0.100	0.700	0.100	0.100
0.100	0.700	0.100	0.100
0.100	0.100	0.700	0.100
>TGCCACAT	15-TGCCACAT	5.856494	-254.496348	0	T:1684.0(18.86%),B:4014.3(10.82%),P:1e-110	Tpos:99.0,Tstd:60.0,Bpos:99.9,Bstd:61.3,StrandBias:-0.0,Multiplicity:1.43
0.090	0.213	0.026	0.671
0.067	0.043	0.579	0.311
0.166	0.454	0.135	0.245
0.228	0.681	0.090	0.001
0.605	0.343	0.004	0.048
0.118	0.657	0.085	0.140
0.803	0.063	0.044	0.090
0.037	0.101	0.050	0.812
>GAGATCAA	16-GAGATCAA	8.236954	-238.834224	0	T:276.0(3.09%),B:221.0(0.60%),P:1e-103	Tpos:84.2,Tstd:42.1,Bpos:99.4,Bstd:61.1,StrandBias:1.4,Multiplicity:1.00
0.100	0.100	0.700	0.100
0.700	0.100	0.100	0.100
0.100	0.100	0.700	0.100
0.700	0.100	0.100	0.100
0.100	0.100	0.100	0.700
0.100	0.700	0.100	0.100
0.700	0.100	0.100	0.100
0.700	0.100	0.100	0.100
>AAATTGGA	17-AAATTGGA	8.236954	-238.444174	0	T:304.0(3.40%),B:268.0(0.72%),P:1e-103	Tpos:94.0,Tstd:38.2,Bpos:104.1,Bstd:60.8,StrandBias:1.5,Multiplicity:1.00
0.700	0.100	0.100	0.100
0.700	0.100	0.100	0.100
0.700	0.100	0.100	0.100
0.100	0.100	0.100	0.700
0.100	0.100	0.100	0.700
0.100	0.100	0.700	0.100
0.100	0.100	0.700	0.100
0.700	0.100	0.100	0.100
>GATADTAT	18-GATADTAT	8.273213	-237.545435	0	T:300.0(3.36%),B:262.9(0.71%),P:1e-103	Tpos:109.7,Tstd:40.2,Bpos:96.9,Bstd:58.1,StrandBias:1.5,Multiplicity:1.01
0.001	0.266	0.732	0.001
0.997	0.001	0.001	0.001
0.001	0.001	0.001	0.997
0.674	0.001	0.324	0.001
0.324	0.001	0.267	0.408
0.001	0.001	0.299	0.699
0.891	0.001	0.001	0.107
0.001	0.265	0.001	0.733
>STACTTMA	19-STACTTMA	7.529913	-183.809016	0	T:758.0(8.49%),B:1479.2(3.99%),P:1e-79	Tpos:102.2,Tstd:62.8,Bpos:99.1,Bstd:62.6,StrandBias:0.1,Multiplicity:1.19
0.001	0.428	0.570	0.001
0.001	0.001	0.101	0.897
0.997	0.001	0.001	0.001
0.001	0.773	0.001	0.225
0.001	0.001	0.101	0.897
0.001	0.001	0.001	0.997
0.464	0.429	0.106	0.001
0.761	0.001	0.001	0.237
>TGCGCWGT	20-TGCGCWGT	6.658949	-114.471491	0	T:384.0(4.30%),B:676.6(1.82%),P:1e-49	Tpos:96.8,Tstd:60.0,Bpos:99.7,Bstd:61.2,StrandBias:0.3,Multiplicity:1.02
0.001	0.001	0.001	0.997
0.252	0.192	0.555	0.001
0.133	0.547	0.059	0.261
0.129	0.001	0.689	0.181
0.251	0.453	0.001	0.294
0.483	0.133	0.001	0.383
0.294	0.001	0.576	0.129
0.001	0.001	0.001	0.997
>GTGCTGTG	21-GTGCTGTG	9.296013	-99.372411	0	T:529.0(5.92%),B:1141.8(3.08%),P:1e-43	Tpos:100.3,Tstd:49.1,Bpos:102.1,Bstd:55.8,StrandBias:0.1,Multiplicity:1.72
0.001	0.193	0.805	0.001
0.001	0.001	0.001	0.997
0.001	0.001	0.997	0.001
0.001	0.997	0.001	0.001
0.001	0.001	0.001	0.997
0.001	0.001	0.997	0.001
0.001	0.001	0.001	0.997
0.001	0.121	0.877	0.001
>TGTGCADT	22-TGTGCADT	8.314646	-99.272268	0	T:403.0(4.51%),B:777.0(2.10%),P:1e-43	Tpos:97.5,Tstd:47.7,Bpos:99.4,Bstd:57.8,StrandBias:0.0,Multiplicity:1.30
0.001	0.001	0.262	0.736
0.130	0.263	0.606	0.001
0.001	0.001	0.001	0.997
0.001	0.001	0.997	0.001
0.001	0.997	0.001	0.001
0.603	0.001	0.001	0.395
0.269	0.001	0.395	0.335
0.129	0.001	0.001	0.869
>AAGGGAAG	23-AAGGGAAG	10.655321	-54.810140	0	T:467.0(5.23%),B:1176.9(3.17%),P:1e-23	Tpos:99.9,Tstd:54.0,Bpos:105.1,Bstd:95.5,StrandBias:0.7,Multiplicity:4.44
0.997	0.001	0.001	0.001
0.997	0.001	0.001	0.001
0.001	0.001	0.997	0.001
0.001	0.001	0.997	0.001
0.001	0.001	0.997	0.001
0.997	0.001	0.001	0.001
0.997	0.001	0.001	0.001
0.337	0.001	0.661	0.001
>AAGCAGAA	24-AAGCAGAA	8.236954	-47.385917	0	T:299.0(3.35%),B:687.6(1.85%),P:1e-20	Tpos:86.1,Tstd:42.1,Bpos:101.0,Bstd:68.8,StrandBias:0.5,Multiplicity:2.16
0.700	0.100	0.100	0.100
0.700	0.100	0.100	0.100
0.100	0.100	0.700	0.100
0.100	0.700	0.100	0.100
0.700	0.100	0.100	0.100
0.100	0.100	0.700	0.100
0.700	0.100	0.100	0.100
0.700	0.100	0.100	0.100
>TAACCCTA	25-TAACCCTA	6.291044	-31.610067	0	T:1008.0(11.29%),B:3306.7(8.92%),P:1e-13	Tpos:101.1,Tstd:53.2,Bpos:100.4,Bstd:60.5,StrandBias:-0.2,Multiplicity:2.06
0.100	0.100	0.100	0.700
0.700	0.100	0.100	0.100
0.700	0.100	0.100	0.100
0.100	0.700	0.100	0.100
0.100	0.700	0.100	0.100
0.100	0.700	0.100	0.100
0.100	0.100	0.100	0.700
0.700	0.100	0.100	0.100
