>GGYCTGGCWAAT	1-GGYCTGGCWAAT	11.936863	-2178.080652	0	T:570.0(6.38%),B:20.8(0.06%),P:1e-945	Tpos:90.3,Tstd:57.4,Bpos:104.0,Bstd:57.7,StrandBias:-0.6,Multiplicity:1.00
0.076	0.001	0.881	0.042
0.029	0.111	0.841	0.019
0.009	0.563	0.001	0.427
0.009	0.962	0.028	0.001
0.029	0.010	0.010	0.951
0.067	0.001	0.904	0.028
0.263	0.029	0.698	0.010
0.019	0.924	0.019	0.038
0.431	0.028	0.001	0.540
0.980	0.018	0.001	0.001
0.933	0.029	0.019	0.019
0.019	0.010	0.010	0.961
>CACTTCCCCTTY	2-CACTTCCCCTTY	8.462684	-1592.235807	0	T:2689.0(30.11%),B:3357.4(9.05%),P:1e-691	Tpos:97.1,Tstd:47.3,Bpos:103.0,Bstd:86.5,StrandBias:-0.5,Multiplicity:2.05
0.037	0.640	0.067	0.256
0.581	0.204	0.040	0.175
0.014	0.688	0.067	0.231
0.010	0.022	0.004	0.964
0.012	0.013	0.115	0.860
0.001	0.784	0.005	0.210
0.004	0.743	0.002	0.251
0.024	0.544	0.039	0.393
0.106	0.582	0.058	0.254
0.189	0.298	0.046	0.467
0.070	0.273	0.067	0.590
0.093	0.386	0.060	0.460
>GTATCTCCTTGW	3-GTATCTCCTTGW	10.402102	-1252.659133	0	T:465.0(5.21%),B:52.0(0.14%),P:1e-544	Tpos:91.0,Tstd:54.1,Bpos:98.0,Bstd:60.2,StrandBias:-0.6,Multiplicity:1.13
0.329	0.027	0.600	0.044
0.004	0.170	0.115	0.711
0.560	0.016	0.040	0.384
0.115	0.017	0.048	0.820
0.071	0.802	0.083	0.044
0.032	0.288	0.020	0.660
0.141	0.649	0.046	0.164
0.180	0.694	0.025	0.101
0.291	0.212	0.004	0.493
0.052	0.031	0.046	0.871
0.068	0.030	0.763	0.139
0.435	0.051	0.021	0.493
>GGAAAAGGGGAA	4-GGAAAAGGGGAA	13.237276	-1238.387758	0	T:549.0(6.15%),B:95.7(0.26%),P:1e-537	Tpos:90.5,Tstd:37.6,Bpos:115.8,Bstd:80.9,StrandBias:1.0,Multiplicity:1.62
0.001	0.001	0.997	0.001
0.203	0.180	0.616	0.001
0.690	0.001	0.308	0.001
0.702	0.001	0.296	0.001
0.997	0.001	0.001	0.001
0.849	0.001	0.149	0.001
0.129	0.001	0.869	0.001
0.185	0.001	0.813	0.001
0.003	0.001	0.995	0.001
0.163	0.001	0.835	0.001
0.997	0.001	0.001	0.001
0.997	0.001	0.001	0.001
>TGCCAGTTCCTC	5-TGCCAGTTCCTC	12.355432	-1136.666699	0	T:248.0(2.78%),B:4.8(0.01%),P:1e-493	Tpos:106.6,Tstd:26.8,Bpos:78.2,Bstd:42.4,StrandBias:0.2,Multiplicity:1.00
0.100	0.100	0.100	0.700
0.100	0.100	0.700	0.100
0.100	0.700	0.100	0.100
0.100	0.700	0.100	0.100
0.700	0.100	0.100	0.100
0.100	0.100	0.700	0.100
0.100	0.100	0.100	0.700
0.100	0.100	0.100	0.700
0.100	0.700	0.100	0.100
0.100	0.700	0.100	0.100
0.100	0.100	0.100	0.700
0.100	0.700	0.100	0.100
>CTCAATGTCAAA	6-CTCAATGTCAAA	14.667040	-1136.666699	0	T:248.0(2.78%),B:4.4(0.01%),P:1e-493	Tpos:103.7,Tstd:33.8,Bpos:86.9,Bstd:15.9,StrandBias:0.3,Multiplicity:1.00
0.001	0.997	0.001	0.001
0.001	0.001	0.001	0.997
0.001	0.725	0.273	0.001
0.997	0.001	0.001	0.001
0.725	0.001	0.001	0.273
0.001	0.001	0.001	0.997
0.001	0.001	0.997	0.001
0.001	0.001	0.001	0.997
0.001	0.725	0.001	0.273
0.997	0.001	0.001	0.001
0.997	0.001	0.001	0.001
0.997	0.001	0.001	0.001
>ATGTGGCAATTA	7-ATGTGGCAATTA	11.304164	-1119.942945	0	T:245.0(2.74%),B:4.9(0.01%),P:1e-486	Tpos:108.4,Tstd:31.9,Bpos:78.5,Bstd:56.1,StrandBias:0.2,Multiplicity:1.00
0.997	0.001	0.001	0.001
0.001	0.001	0.001	0.997
0.001	0.001	0.997	0.001
0.001	0.001	0.001	0.997
0.001	0.001	0.997	0.001
0.001	0.001	0.997	0.001
0.005	0.606	0.388	0.001
0.997	0.001	0.001	0.001
0.997	0.001	0.001	0.001
0.001	0.001	0.001	0.997
0.001	0.001	0.001	0.997
0.997	0.001	0.001	0.001
>GGTATTCGACCT	8-GGTATTCGACCT	10.409522	-1076.204747	0	T:247.0(2.77%),B:5.9(0.02%),P:1e-467	Tpos:108.9,Tstd:44.3,Bpos:95.0,Bstd:86.6,StrandBias:0.2,Multiplicity:1.00
0.100	0.100	0.700	0.100
0.100	0.100	0.700	0.100
0.100	0.100	0.100	0.700
0.700	0.100	0.100	0.100
0.100	0.100	0.100	0.700
0.100	0.100	0.100	0.700
0.100	0.700	0.100	0.100
0.100	0.100	0.700	0.100
0.700	0.100	0.100	0.100
0.100	0.700	0.100	0.100
0.100	0.700	0.100	0.100
0.100	0.100	0.100	0.700
>GTRACATTTTTA	9-GTRACATTTTTA	12.950713	-1015.909873	0	T:244.0(2.73%),B:6.4(0.02%),P:1e-441	Tpos:101.9,Tstd:42.1,Bpos:74.6,Bstd:28.6,StrandBias:0.3,Multiplicity:1.00
0.004	0.001	0.994	0.001
0.350	0.001	0.001	0.648
0.464	0.001	0.534	0.001
0.877	0.008	0.114	0.001
0.131	0.696	0.001	0.172
0.997	0.001	0.001	0.001
0.001	0.001	0.001	0.997
0.001	0.001	0.356	0.642
0.001	0.001	0.353	0.645
0.002	0.003	0.345	0.650
0.001	0.001	0.179	0.819
0.997	0.001	0.001	0.001
>TACACATGTTTC	10-TACACATGTTTC	12.355432	-987.873101	0	T:196.0(2.19%),B:2.2(0.01%),P:1e-429	Tpos:104.0,Tstd:66.5,Bpos:169.0,Bstd:17.3,StrandBias:0.0,Multiplicity:1.00
0.100	0.100	0.100	0.700
0.700	0.100	0.100	0.100
0.100	0.700	0.100	0.100
0.700	0.100	0.100	0.100
0.100	0.700	0.100	0.100
0.700	0.100	0.100	0.100
0.100	0.100	0.100	0.700
0.100	0.100	0.700	0.100
0.100	0.100	0.100	0.700
0.100	0.100	0.100	0.700
0.100	0.100	0.100	0.700
0.100	0.700	0.100	0.100
>GCTGTGAGTTCT	11-GCTGTGAGTTCT	12.355432	-946.182114	0	T:244.0(2.73%),B:8.8(0.02%),P:1e-410	Tpos:105.1,Tstd:26.9,Bpos:87.1,Bstd:63.6,StrandBias:0.3,Multiplicity:1.00
0.100	0.100	0.700	0.100
0.100	0.700	0.100	0.100
0.100	0.100	0.100	0.700
0.100	0.100	0.700	0.100
0.100	0.100	0.100	0.700
0.100	0.100	0.700	0.100
0.700	0.100	0.100	0.100
0.100	0.100	0.700	0.100
0.100	0.100	0.100	0.700
0.100	0.100	0.100	0.700
0.100	0.700	0.100	0.100
0.100	0.100	0.100	0.700
>GAAAAGAAGCCC	12-GAAAAGAAGCCC	12.355432	-893.354531	0	T:220.0(2.46%),B:6.8(0.02%),P:1e-387	Tpos:98.6,Tstd:49.6,Bpos:73.9,Bstd:37.1,StrandBias:0.4,Multiplicity:1.00
0.100	0.100	0.700	0.100
0.700	0.100	0.100	0.100
0.700	0.100	0.100	0.100
0.700	0.100	0.100	0.100
0.700	0.100	0.100	0.100
0.100	0.100	0.700	0.100
0.700	0.100	0.100	0.100
0.700	0.100	0.100	0.100
0.100	0.100	0.700	0.100
0.100	0.700	0.100	0.100
0.100	0.700	0.100	0.100
0.100	0.700	0.100	0.100
>CATTACGCAGTC	13-CATTACGCAGTC	14.339677	-820.539129	0	T:190.0(2.13%),B:5.0(0.01%),P:1e-356	Tpos:87.4,Tstd:63.1,Bpos:98.5,Bstd:45.0,StrandBias:0.7,Multiplicity:1.00
0.001	0.997	0.001	0.001
0.997	0.001	0.001	0.001
0.001	0.214	0.001	0.784
0.001	0.001	0.001	0.997
0.997	0.001	0.001	0.001
0.001	0.997	0.001	0.001
0.001	0.001	0.997	0.001
0.214	0.784	0.001	0.001
0.784	0.214	0.001	0.001
0.001	0.001	0.997	0.001
0.001	0.001	0.001	0.997
0.001	0.784	0.001	0.214
>TATATATAAGTG	14-TATATATAAGTG	10.370747	-750.648795	0	T:244.0(2.73%),B:18.9(0.05%),P:1e-326	Tpos:117.0,Tstd:38.0,Bpos:84.5,Bstd:52.3,StrandBias:1.7,Multiplicity:1.00
0.001	0.001	0.001	0.997
0.997	0.001	0.001	0.001
0.001	0.001	0.001	0.997
0.997	0.001	0.001	0.001
0.001	0.001	0.001	0.997
0.997	0.001	0.001	0.001
0.008	0.001	0.001	0.990
0.987	0.011	0.001	0.001
0.997	0.001	0.001	0.001
0.001	0.001	0.997	0.001
0.001	0.002	0.002	0.995
0.001	0.001	0.997	0.001
>ATTCGACAACAA	15-ATTCGACAACAA	11.432864	-729.364050	0	T:245.0(2.74%),B:20.6(0.06%),P:1e-316	Tpos:71.8,Tstd:44.3,Bpos:96.8,Bstd:63.7,StrandBias:1.9,Multiplicity:1.00
0.995	0.002	0.001	0.002
0.008	0.002	0.001	0.989
0.001	0.001	0.001	0.997
0.001	0.919	0.008	0.072
0.055	0.025	0.915	0.005
0.994	0.002	0.002	0.002
0.007	0.991	0.001	0.001
0.997	0.001	0.001	0.001
0.997	0.001	0.001	0.001
0.025	0.972	0.001	0.002
0.997	0.001	0.001	0.001
0.995	0.002	0.002	0.001
>CCTTTGGAAAAC	16-CCTTTGGAAAAC	12.355432	-677.217789	0	T:154.0(1.72%),B:3.6(0.01%),P:1e-294	Tpos:104.4,Tstd:72.3,Bpos:127.3,Bstd:53.3,StrandBias:0.0,Multiplicity:1.00
0.100	0.700	0.100	0.100
0.100	0.700	0.100	0.100
0.100	0.100	0.100	0.700
0.100	0.100	0.100	0.700
0.100	0.100	0.100	0.700
0.100	0.100	0.700	0.100
0.100	0.100	0.700	0.100
0.700	0.100	0.100	0.100
0.700	0.100	0.100	0.100
0.700	0.100	0.100	0.100
0.700	0.100	0.100	0.100
0.100	0.700	0.100	0.100
>ACCAGAGAACTC	17-ACCAGAGAACTC	10.372788	-675.330063	0	T:212.0(2.37%),B:14.4(0.04%),P:1e-293	Tpos:128.8,Tstd:54.4,Bpos:80.1,Bstd:49.0,StrandBias:1.7,Multiplicity:1.00
0.997	0.001	0.001	0.001
0.001	0.997	0.001	0.001
0.001	0.997	0.001	0.001
0.997	0.001	0.001	0.001
0.002	0.001	0.995	0.002
0.997	0.001	0.001	0.001
0.008	0.001	0.990	0.001
0.993	0.001	0.005	0.001
0.997	0.001	0.001	0.001
0.001	0.997	0.001	0.001
0.001	0.001	0.005	0.993
0.001	0.997	0.001	0.001
>GCTGAAAGGCAC	18-GCTGAAAGGCAC	13.302567	-654.795981	0	T:217.0(2.43%),B:17.7(0.05%),P:1e-284	Tpos:92.3,Tstd:33.8,Bpos:102.3,Bstd:59.0,StrandBias:0.1,Multiplicity:1.31
0.001	0.001	0.997	0.001
0.001	0.760	0.001	0.238
0.001	0.001	0.001	0.997
0.001	0.001	0.606	0.392
0.997	0.001	0.001	0.001
0.997	0.001	0.001	0.001
0.997	0.001	0.001	0.001
0.001	0.001	0.605	0.393
0.001	0.001	0.997	0.001
0.001	0.997	0.001	0.001
0.997	0.001	0.001	0.001
0.001	0.997	0.001	0.001
>CCYWAAAATTCC	19-CCYWAAAATTCC	10.266193	-635.015902	0	T:218.0(2.44%),B:19.5(0.05%),P:1e-275	Tpos:126.3,Tstd:46.4,Bpos:112.1,Bstd:50.7,StrandBias:1.8,Multiplicity:1.00
0.045	0.571	0.344	0.040
0.083	0.794	0.001	0.122
0.080	0.428	0.003	0.490
0.486	0.077	0.001	0.435
0.803	0.001	0.090	0.106
0.899	0.072	0.016	0.013
0.860	0.029	0.077	0.034
0.727	0.021	0.176	0.076
0.300	0.185	0.062	0.453
0.207	0.222	0.005	0.566
0.042	0.542	0.035	0.381
0.086	0.528	0.133	0.253
>TATGATMTGAAA	20-TATGATMTGAAA	9.033155	-634.110503	0	T:368.0(4.12%),B:111.1(0.30%),P:1e-275	Tpos:105.0,Tstd:30.6,Bpos:94.9,Bstd:62.2,StrandBias:0.1,Multiplicity:1.57
0.121	0.020	0.234	0.625
0.606	0.133	0.037	0.224
0.046	0.005	0.267	0.682
0.027	0.230	0.670	0.073
0.810	0.034	0.026	0.130
0.049	0.287	0.028	0.636
0.441	0.378	0.090	0.091
0.041	0.011	0.280	0.668
0.022	0.035	0.696	0.247
0.517	0.253	0.203	0.027
0.565	0.055	0.019	0.361
0.809	0.031	0.038	0.122
>TGGGGCARTAGA	21-TGGGGCARTAGA	14.698406	-567.489670	0	T:141.0(1.58%),B:4.2(0.01%),P:1e-246	Tpos:99.8,Tstd:45.9,Bpos:89.5,Bstd:72.5,StrandBias:0.0,Multiplicity:1.61
0.001	0.001	0.155	0.843
0.001	0.001	0.997	0.001
0.001	0.001	0.997	0.001
0.001	0.001	0.997	0.001
0.001	0.001	0.997	0.001
0.001	0.997	0.001	0.001
0.997	0.001	0.001	0.001
0.574	0.001	0.424	0.001
0.001	0.001	0.001	0.997
0.997	0.001	0.001	0.001
0.001	0.306	0.692	0.001
0.997	0.001	0.001	0.001
>TTCTTCTTCTTC	22-TTCTTCTTCTTC	11.510722	-226.860036	0	T:467.0(5.23%),B:615.7(1.66%),P:1e-98	Tpos:92.1,Tstd:48.8,Bpos:95.7,Bstd:112.8,StrandBias:-2.0,Multiplicity:2.48
0.001	0.066	0.001	0.932
0.002	0.001	0.010	0.987
0.001	0.994	0.004	0.001
0.001	0.119	0.001	0.879
0.001	0.001	0.019	0.979
0.001	0.995	0.003	0.001
0.001	0.130	0.001	0.868
0.002	0.001	0.029	0.968
0.001	0.997	0.001	0.001
0.001	0.068	0.001	0.930
0.001	0.001	0.010	0.988
0.001	0.997	0.001	0.001
>CCTAACCCTAAC	23-CCTAACCCTAAC	10.380828	-199.672671	0	T:53.0(0.59%),B:2.4(0.01%),P:1e-86	Tpos:94.9,Tstd:47.0,Bpos:68.9,Bstd:26.7,StrandBias:-1.0,Multiplicity:17.43
0.001	0.997	0.001	0.001
0.001	0.997	0.001	0.001
0.001	0.001	0.001	0.997
0.997	0.001	0.001	0.001
0.996	0.001	0.002	0.001
0.001	0.997	0.001	0.001
0.001	0.997	0.001	0.001
0.001	0.997	0.001	0.001
0.001	0.008	0.001	0.990
0.997	0.001	0.001	0.001
0.997	0.001	0.001	0.001
0.001	0.997	0.001	0.001
>CAGAAGCAGAAG	24-CAGAAGCAGAAG	12.355432	-68.210262	0	T:34.0(0.38%),B:8.8(0.02%),P:1e-29	Tpos:77.7,Tstd:31.5,Bpos:71.9,Bstd:28.9,StrandBias:0.9,Multiplicity:8.56
0.100	0.700	0.100	0.100
0.700	0.100	0.100	0.100
0.100	0.100	0.700	0.100
0.700	0.100	0.100	0.100
0.700	0.100	0.100	0.100
0.100	0.100	0.700	0.100
0.100	0.700	0.100	0.100
0.700	0.100	0.100	0.100
0.100	0.100	0.700	0.100
0.700	0.100	0.100	0.100
0.700	0.100	0.100	0.100
0.100	0.100	0.700	0.100
>ACAGCACAGMMM	25-ACAGCACAGMMM	10.948154	-21.378111	0	T:22.0(0.25%),B:17.2(0.05%),P:1e-9	Tpos:97.7,Tstd:51.9,Bpos:92.6,Bstd:43.4,StrandBias:-0.4,Multiplicity:7.64
0.743	0.076	0.098	0.083
0.154	0.671	0.093	0.082
0.719	0.047	0.118	0.116
0.160	0.063	0.610	0.167
0.085	0.740	0.089	0.086
0.686	0.106	0.098	0.110
0.075	0.732	0.118	0.075
0.626	0.073	0.139	0.162
0.084	0.096	0.747	0.073
0.494	0.401	0.063	0.042
0.516	0.398	0.045	0.041
0.485	0.431	0.037	0.046
